id: 468b35ce26
标题：[1953-1961年] 四川省统计局人口变动核查表 - 表31
日期：1962-5-0
是否是时间段：false
作者：
来源：四川省某档案馆
标签：文章
书籍：中国大跃进-大饥荒数据库
书籍作者：宋永毅

正文：
# [1953-1961年] 四川省统计局人口变动核查表 - 表31



   年 - 总人口 总人口 总人口 出生 出生 死亡 死亡 - - -   度 - 总人口数 增减数 % 人数 % 人数 %。 人数 % /   53 原报数 65,510,156 / / 119,329 / / / / / /   53 核实数 651,02,435 / / 112,955 / / / / / /   53 比原报增减数 -407,721 / -0.62 -20,343 / / / /   /   54 原报数 67,062,819 +1,552,663 +2.37 20,72,499 3.13 786,688 1.19 1,899,407 2.86 1855713   54 核实数 664,86,114 +1,383,679 +2.12 1,864,374 2.83 557,900 0.85 1,315,497 2.00 1,237,992   54 比原报增减数 -576705 / -0.86 -208125 -0.29 -228,788 -0.34 -584204 -0.86 -617,721   55 原报数 68,656,128 +1,593,309 +2.38 2,144,461 3.16 892,427 1.32 3,208,599 4.73 3,559,019   55 核实数 67,906,375 +1,420,261 +2.14 1,907,859 2.84 616,750 0.92 2,022,177 3.00 1,830,357   55 比原报增减数 -749,735 / -1.09 -236,602 -0.32 -275,677 -0.40 -1,186,422 -1.73 -1,728,862   56 原报数 70,185,007 +1,528,879 +2.23 2,061,577 2.97 820,282 1.18 4,137,109 5.96 3,605,801   56 核实数 69,451,666 +1,545,291 +2.28 1,957,317 2.85 714,998 1.04 2,463,679 3.59 2,032,200   56 比原报增减数 -733,341 / -1.04 -104,260 -0.12 -105,284 -0.14 -1,673,430 -2.37 -1,573,601   57 原报数 71,737,183 +1,552,176 +2.21 2,183,289 3.08 842,814 1.19 2,877,630 4.05 2,577,958   57 核实数 70,810,135 +1,358,469 +1.95 2,050,927 2.92 846,320 1.21 1,757,844 2.51 1,529,226   57 比原报增减数 -927,048 / -1.29 -132,360 -0.16 +3,506 +0.02 -1,119,786 -1.54 -1048548   58 原报数 71,949,491 +212,308 +0.29 2248196 3.13 1,291,705 1.79 4,791,871 6.67 6,053,435   58 核实数 70,778,526 -31,069 -0.05 1,701,515 2.40 1,781,832 2.52 3,025,015 4.27 3,026,056   58 比原报增减数 -1,170,965 / -1.13 -546,681 -0.73 +490,127 +0.73 -1,766,856 -2.40 -3,027,384   59 原报数 71,298,824 -650,667 -0.90 1,672,335 2.33 2,103,147 2.94 2,888,249   3,084,733   59 核实数 68,972,782 -1,805,744 -2.56 1,167,392 1.67 3,304,430 4.72     2,249,603   59 比原报增减数 -2,326,042 / -3.26 -509943 -0.66 +1201283 +1.78         60 原报数 68,110,216 -3,188,608 -4.47 1,093,339 1.57 3,398,238 4.87 2,894,035 4.15     60 核实数 66,198,348 -2,774,434 -4.02 793,955 1.17 3,647,368 5.40 2,427,503 3.33 2,366,602   60 比原报增减数 -1,911,868 / -2.81 -300,384 -0.40 +249,130 +0.53 466,532 -0.82     61 原报数 64,672,499 -3,437,717 -5.05 773,371 1.16 1,859,696 2.80 1,490,484 2.24 1,792,432   61 核实数 64,591,786 -1,006,562 -2.43 772,558 1.18 1,923,031 2.94 1,602,049 2.45 1,975,328   61 比原报增减数 -80713 / -0.12 -813 +0.02 +63,935 +0.14 +111585 +0.21 +182,896   54 原报数 69,410,284 +6,227,027 +2.30 8,461,826 3.09 3,342,211 1.22 12,122,739 4.40 11,598,301   至 核实数 68,603,573 +5,707,700 +2.19 7,780,477 2.83 2,735,968 1.00 7,558,897 2.75 6,629,569   57 比原报增减数 -746,711 / -1.08 -711,349 -0.26 -606,243 -0.22 4,563,842 -1.65 -4,968,732   58 原报数 69,007,758 -7,064,684 -2.53 5,787,241 2.05 8,652,786 3.10 12057639 4.27 14,036,717   至 核实数 67,635,361 6,218,349 -2.20 4,434,420 1.64 10,657,261 3.94 9,566,701 3.54 9,557,647   61 比原报增减数 -1,372,397 / -1.99 -1,352,821 -0.41 +2,004,475 +0.84 -2490938 -0.73 -4,479,040                             54 原报数 68,209,021 -837,657 -0,32 14,249,067 2.57 11,994,997 2.17 24,180,378 4.37 25,635,020   至 核实数 68,149,467 -918,390 -0.20 12,214,897 2.24 13,393,229 2.46 17,125,598 3.14 16,187,200   61 比原报增减数 -1,059,554 / -1.53 -2,034,170 -0.37 +1,398,232 +0.29 -7054780 -1.23 9,447,820   

描述：

