id: b594a6b5d7
标题：索引
日期：2008-0-0
是否是时间段：false
作者：林蕴晖
来源：
标签：朱德,上海文革,西藏文革,教育革命,人民内部矛盾,工业战线,文艺战线,文章
书籍：中华人民共和国史 第四卷 乌托邦运动——从大跃进到大饥荒（1958-1961）（中文大学2008年）
书籍作者：林蕴晖著，中文大学2008年

正文：
索引一套

378 - 381, 384, 385, 387, 390,

392, 394 - 400, 402, 406, 407,「一平二调三收款」 425

409, 410, 412, 413, 417, 425, 426,二查

430, 438, 439, 444, 447 - 449,「九个指头和一个指头」 66,453,

452, 457, 464 - 466, 469, 479,

480, 483, 488, 506, 510, 511, 515,

468山西省  43,44, 112, 113, 149, 190,

517-519, 521, 523, 524, 527, 529,

531, 534 - 536, 546 - 548, 567,214, 256, 385, 392, 458, 533, 540

572, 601, 613, 614, 619-621, 623,山束省  43, 73,74,141, 165,211,217,

632, 635, 638, 641, 642, 645 -649,220, 255, 391, 401, 426, 538, 541,

653*-655, 658, 659, 661, 671, 681,543, 651, 657, 679, 685, 686, 691,

685 - 687, 690, 693 - 695, 703,692

707,712, 720, 724, 726, 730, 743,十二条聚急指示617，622，627，

758, 769, 773634 - 636, 644, 703, 723

（人民公社六十条）641丁抒611

《人民日报>社 20 一22,51,563七里营人民公社164,362

「人民会截」 321,322,326,332人民内部矛盾 28,34，50,S1，78,

人有多大，地有多大产136,101, 106, 440, 628, 743, 761, 768

141, 191, 217, 359人民公社33,107,133,144,154,

人相食607158 - 160, 162, 165, 169, 170,178 - 182, 184, 186, 194, 209 -

三套217,219, 220, 224, 226, 237, 239,

《工作方法六十》24,41,107,115,240. 253 — 255, 335, 354, 355,359 — 366, 368 — 371, 373 - 375,

232(工业七十>  717,720, 726,729,

640, 649, 656, 657, 659, 670, 693,730, 752

727, 745, 747, 754（中苏友好同盟互助条约》266

中共中央工作会藏 26,716,731「三八作风」580

中共中央委员会491[三级所有，除为基碳」 393,621

中共中央政治局33,47，71，101,（三家村札记》 762一765

”

123, 152, 169, 170, 176, 234, 275,三面红旗

410, 511, 632, 655, 713

285, 300, 340, 373, 391, 448, 549,口植标烨

442, 593, 595, 682

551, 563, 572,621, 746士丹旦逹

中共中央政治局常委 71,300

319土登列门

中共中央着记威 47,105,169,217,

319大小凉山

331, 332

362,731大炼鲷巍通动 187,194,200,512

中共西藏工委 321一324,330,354,「大罗推! 24,35,42,47,64,68, 74,

355

中美大使级会 277 一 280,282,79, 80, 99, 170, 188, 192, 239, 240,245 - 247, 249, 251, 263, 286, 334,

283, 296, 300, 307, 308, 314, 315,354, 360, 374, 375, 402, 412, 449,

557

中国共产全国代表大会33450, 457, 459, 464, 469, 471, 474,

《中国村的社会主义高潮》 15,477, 512, 519, 567, 579, 598, 605,609, 611. 614 - 617, 626, 629 -

145, 148

中藓分歧和街突 549,557,582632. 634, 639, 642, 660, 672, 681,

《手工粪三十五》 725,726682, 684, 687,699,706, 707,720, 726

仁钦索朗357727, 729,730, 732, 733, 737,738, 742

公共食堂

156, 157, 178, 179, 181,

743, 746, 758, 765, 768, 773「小±群」 195, 197, 200, 203, 205,

210, 214, 215, 218, 222, 382, 389,706

390, 402, 409, 410, 440, 449, 468,上海市  14,15,22,63,108, 128,174,

515-518, 527, 529,S30, 535, 540,185, 227, 257, 258, 405, 406, 432,

542, 595, 606, 618, 622, 644, 645,435, 539,540

653, 658 - 664, 666 - 668, 670 -上海组59

672, 674, 679, 680, 682, 688, 767,山南地区 336,344 一346

773

反右派门争 49,80,510,746,750四壹

「反曾进! 13, 14, 17, 19 一 25, 27,「天淡」说与「人橘」说608

35, 50, 51, 55 - 58, 64 - 66, 69 -中央局 577,602,603,633,634,639,

71, 75, 80, 187,240. 412, 454,649

503 - 506, 512 - 514, 519 - 521,太原钢藏厂 44孔原48

525, 527 -531, 533, 535, 537, 538,尤金550-553

541, 545, 546, 548 - 555, 558 -

560, 562, 565 - 567, 569 - 575,扎西平猎

357扎夏迪科

577 - 588, 596, 602 - 604, 610,448

617, 618, 620, 621, 623 -632, 637,文化革命

50, 51,109, 125, 134, 152.

638, 640 - 651, 653 - 661, 664,

229, 243文本仙617.618

666, 667, 670, 671, 674, 676-680,

682 - 688, 691 — 697, 699 - 702,文艺「大蹈进」247

707, 708, 711,713, 715- 722, 725,《文要八俯）742,750方强86-88

727, 728, 731, 732, 735 -738, 745,方毅48

746, 748, 753, 757 - 759, 765 -

769, 772, 773日内瓦会识271

毛泽束思想 60,67,68,106,160,比姆 296, 308 - 310, 314

356, 493, 579 - 584, 586, 587, 738毛泽束 7一31,33 -35,40,47,

《毛泽束送集》 577一579,583,58649 — 52, 55, 57 — 60, 63 — 68, 70 -

毛潭荣 617,61873, 81 - 83, 85, 87 - 91, 94 - 96,

水利电力部

121,170, 45998, 101, 102, 106, 107, 115, 118, 119,

牛佩琮708121 - 132, 134 - 136, 144 - 148,

王力229,643151, 152, 155 - 177, 180, 183 -

王升平 663,664187, 189, 191-193, 195, 196, 211,

王任重  19,26,27,47,48,108,193,214, 217, 218, 222, 225 -228, 231,

208, 365, 366, 371, 372, 387, 395,232, 235, 241, 244, 249, 252, 259,

396, 401, 438, 441, 445, 449,450,260, 263, 264, 270 - 273, 280 -

460, 470, 477, 489, 597, 603, 620,286, 288, 290  297, 299 - 307,

628, 630, 639, 676, 696310, 317, 320- 329, 333, 338, 340,

王光美661341, 354, 356, 359 - 362, 364 —

王延春

596, 619378, 380, 381, 386, 388 - 392,

王卓如

75394 - 403, 406, 407, 409, 411 -

王季

617,618413, 415 - 422. 424, 427 - 431,

王尚荣

285, 286434 - 437, 441, 442, 446, 447,

王波  97441 - 448, 451 - 454, 456, 460,

王炳南 277 一279,295, 296.307 一462, 467 - 472, 474 — 486, 488,

310, 312 - 315489, 491, 493 - 495, 497, 501,王恩茂27,71

374, 376, 381, 413, 437, 453, 467,王时彦

97

523, 534, 575, 576, 642, 649王横

半工半赣 156,232-234,236, 238,

314, 315王崇价

44

731,749王吾

卡伯特310, 312 - 314

424, 602, 603王敬先

古大存623

73王瑶228,242

史向生

19, 162, 164, 366, 367王慧智

史前517

500

右派摘帽747王稼样

47,480王鲁643

右倾机会主羲分子75,78,486,495,王学文520

503 - 512, 517, 518, 743, 744王舒 75,79,80

尼克松315王耀武749

尼赫鲁

328, 329, 521, 558王鹤毒 19,27,61,62,123—125, 128,

布加勒斯特食藏 562,574,576

平均主羲171, 173, 175, 374, 411, 476, 520

184, 216, 379, 387,388,

392-394, 444, 524, 527, 624, 646,五查

648, 650, 658, 669, 670, 677, 680,『四大」一大噶丶大放丶大字报，

686, 689, 770, 773大  12

民族、宗教政策的调整 748

瓜菜代593,594四』川省 27,45,61, 108, 119, 142, 148,

甘、青、滇藏区

334238, 256, 358, 333, 383, 509, 514,

生钦·洛桑医梵357

614, 652, 658, 689「四个第一」 580,581

田家英 9, 19,27,167, 361 - 364,世界工联理事会567 一570

372, 375, 417,450, 460, 471, 476,以钢为纲124, 172, 188, 195, 207,

483, 520, 526,642-644, 646, 648,432, 440, 441, 444, 469, 512, 537,

653, 676, 687, 693, 694, 698, 701,616,713

716, 720, 758以为纲

申纪菌

124包产到户

石西民509. 515 - 518, 689, 702

17包尔漠

424

艾奇趣

265北京组 59

艾斯海提74北戴河会藩 21, 158, 169, 170, 176.

艾森素贼两 268,269,273,277,177, 186, 188, 189, 191, 195, 205,

289 - 292, 295, 298, 299, 310, 557,209, 210, 219, 223, 249, 361, 367,

561, 566, 569

吉星文288六董

地方辨工业 107,110 一 112伊敏诺夫 74

安子文

456全民所有制 50,145,160,180,182

安微省 38, 42, 74, 75,80, 111, 129,213, 216, 363, 367 - 369, 376,

139, 140, 190, 197, 215, 251, 261,379-381, 387, 394, 447, 523, 527,

387, 403, 450, 486, 508, 542,691-645, 722, 725

693, 695, 697. 701全国人民代表大食176, 307, 325,

年度计封的三本限24,536338, 341, 418, 537

成都会藏 32 一35,47,52,64,67,（全国机业髮展细要） 13,16,35 一

69, 73, 79, 82, 94, 99, 121, 127, 129,38, 48, 58, 61, 113, 124, 254, 527,

131, 151, 152, 180, 186, 227,243,528, 530, 531

249, 250, 474, 579共产主义 9,11—13,30,37,49,54,

·朱可夫 81 - 83, 85, 98, 48257, 59, 61, 63, 64, 68, 70, 79, 99,

朱光潘

229.750107, 118, 134, 154-161, 164, 166,

朱智资229,231167, 172, 177 - 185, 203, 209, 210,

?

朱德  47, 71,124,229,272, 318,373,214-- 225, 230, 234, 252, 268, 281,

378, 416, 418, 421, 422, 447,448,283, 359 - 361, 363, 364, 366 --

481, 502, 526, 550, 553, 648, 656,369, 373, 374, 376- 381, 386, 387,

659, 670, 671, 725, 746390, 394, 408, 410, 438 -440, 444,

朱德熙229455, 465, 466, 473, 519, 523, 525,

江西省 42, 133,402, 439,472, 479527- 529, 534, 535, 550, 560, 561,

江华 14,15,17,73,644565, 567, 570, 572, 574, 579, 582,

江清清

14,17,33,395,396, 651, 700584, 585, 626, 628, 642, 645, 653,

江森组

59660, 679, 680, 688, 723, 727, 767,

米高

465768, 770 - 772

自留地

g78, 149, 178, 210, 393,429,「共产风」、「浮于鼠」·「离指

430, 440, 447, 449, 530, 532, 596,风」182

619-622, 624, 635, 645, 651, 653,列事 7,28, 30, 49,52, 54,59, 60, 79,

666, 670, 672, 673, 675, 679, 681,85, 90, 92, 95, 155, 157, 183, 185,

682, 688,721224, 230, 414, 415, 420, 465,466,

西藏 108,243,317-357,418, 455,475, 487, 502, 521, 522, 534, 555,

558, 590, 608, 612, 712, 748559 -565, 567, 570, 573, 574, 579,

西藏上磨统治集围 320580, 583, 680, 741, 766西藏自治匾326,339,344,350,352,

李大章

27355 - 357,748

李井泉

326西藏的民主改革

19,23,25,27,47,61, 73, 108,

321西藏的噶凰致府

367, 376, 378, 395, 396, 410, 445,西藏军区 321,323, 335 一 349

471, 477, 489, 577, 628, 652, 641李友九

162, 222, 361

1七登

李文芳

97李世农

55, 74, 94, 99邱开银

658

李四光

424, 736阮振舞

749

李立三何香凝

101, 102, 104, 105419

李先念

19, 20,27, 41, 47, 65, 71, 124,冶金工粪部

61, 123, 127,196, 403,

135, 378, 388, 391, 406, 411, 418,588

424, 440, 442, 449, 457, 530, 544,奖晗

758, 761 - 765, 767吴介民

576, 609, 621, 707, 708, 711, 717643

李多奎

759吴文俊

229

李修仁

103吴玉章

141

李桂生

663吴芝圃

33, 58, 137,156, 164,168,

李雪峰

47, 577, 628, 728203, 211, 365 -367, 391, 449, 520,

李富春

19,27, 53, 62, 71, 172, 203,541, 542, 598, 599, 601, 604,620,

223, 367, 374, 378, 388, 412, 418,621, 639, 678, 693, 702

419, 430, 432, 433, 435, 447,452,吴冷西19, 21, 27, 121, 361 - 364,

464, 482, 502, 520, 530, 538, 544,372, 375.450, 483, 533

-

575, 576, 594, 597, 598, 621, 630-吴法意

498, 506, 508

633, 640, 714, 716. 717, 728, 735吴振英

661

李建

18,96,97吴伟

97,117

李仲

478吴德

27,47

李箕河

689,702吕正操

412, 520

李逹

44宋希漱

749

李维汉

226, 319, 418, 424, 746, 748宋时输

96, 97

李银播

545, 623末座龄

418,428

李锐16, 25, 27, 28, 128, 170, 205,技衍革命

17,24, 41, 50, 51, 109, 115,

393, 406, 417, 448, 457, 471, 472,120, 131, 134. 153, 229, 243, 564,

476, 477, 481, 482, 490, 491, 604,734

758李一清

192, 193

684, 690, 692, 695, 698, 700, 716,《李慧娘》768,770,771

717, 725, 729, 732-735, 741, 745,李济深 226,301, 418,424

749, 751, 752, 755, 757, 761, 766,李  75李钟奇97

768 - 773

杜食主羲工案化 8,10,102,172,379杜聿明

7491

社食主羲建设总路线47,49,50,59,杜者

75

61,79, 106, 223, 512, 729杜勒斯

32, 266, 268, 273, 274, 277,

芮沐  229279 - 284, 290, 292, 294, 298 -300, 302, 304, 305, 308, $21, 560

八套·杜办门

265 - 267

《和平解放西藏辨法的十七条协罐》汪东奥

623汪锋 48

319

《波茨坦公告》263, 265沈钓惩

154, 418

「放衡星」 133,201,207,249,254,沙文汉55,73,92, 97

363,655

社会主羲 7 一16,18,22,23,28 一1

阿沛·阿旺苷美 318,319,325,329，33, 35 - 38, 43, 44, 47 - 51, 53,

339, 344, 354, 356, 424, 74854, 57 - 61, 64, 65, 69, 75 - 80,

供给制 179.183 — 186,210,213,86, 91, 95, 96, 99, 101, 102, 106,

219 - 221, 223, 224, 363, 380, 385,107, 115, 120, 134, 144 - 146, 148,

402, 436, 410, 440, 441, 449, 516,151, 154- 160, 166, 167, 171, 172,

518, 524, 525, 622, 652, 653, 660,178 - 184, 186, 209, 210, 214 -

661, 664, 666, 671, 675, 679-683,216, 218, 219, 222, 223, 225 -- 227,

690,770230, 233 -236, 246, 247, 250, 252,

雨个削臂级

32, 34, 48, 49279, 283, 294, 324, 330, 344, 354

两个务动臂级 31, 32, 34, 48, 49356, 360, 366-370, 373, 374, 376,

协作 108, 109,113,126,128,165,378-380, 387, 390, 394, 408, 414,

169, 170, 374, 375, 445, 446, 477,419, 443, 444, 448, 455, 466, 474,

478479, 484 - 488, 492, 507 — 510,

协统顿珠（杨束生）357512, 517 - 519, 521 - 523, 525 -

周小舟  19,25,33,34,365,395,396,$29, 534, 535, 542, 546, 548, 549,

441, 442, 450, 452, 457, 458, 476,554 — 556, 558 - 562, 564, 566,

477,481 — 483, 489 - 492, 495567, 569, 570, $73, 574, 576, 580~

周仁山356582, 624 -.628, 632, 645, 646, 650.周谷城  229

林克 560,623周林   27

林庚228周思来 1, 17 一 23, 25 — 27, 31, 32,

林彪   S53, 71, 88, 95, 285, 286, 373,41, 47, 55, 64, 70 - 75, 77 — 80,

378, 416, 417, 419, 446, 481, 482,91, 121, 124, 169, 189, 190, 203, 226,

493, 496, 499, 500, 502, 503, 579-234, 254, 271, 272, 275, 276, 277,

586, 588, 648, 649, 656, 701279, 285, 291, 292, 294 - 297,

林律体 748

林枫300 - 304, 310 - 312, 324, 328,

419, 447

林藏329, 341, 344, 351, 354, 355, 373,

17, 27, 47, 108, 123, 211, 365,378, 396, 411, 412, 416, 420- .423,

445427, 431, 434, 438, 439, 445, 446,

武漠 33, 128, 174, 191 - 193, 231,449, 454, 456, 452, 474,.481, 495,

232, 241, 362, 439, 441, 445, 452,496, 514, 520, 531, 542, 544, 547,

535548, 550, 551, 553, 558, 563, 568,

武漠钢公司192

波兰·匈牙利事件 12,279573 - 575, 577, 588, 592 -- 595,599, 621, 631, 648 - 651, 655, 656,

肯尼迪 310,312,314

范明320659, 664 -666, 674, 677, 694, 701,707, 708, 710, 711, 714, 717-719,

范

217, 220, 221, 368, 369, 374,728, 735 — 737, 739 - 742, 746,

532

金辉612

748 - 751, 753, 755, 761周振强749

非正常死亡

426, 427, 539, 542, 591,周惠

457, 471, 476, 481, 482, 489

598, 605, 609 - 612, 691周扬

239, 247, 251, 253, 586, 737

河南省 38,39, 41,42, 58,74,75, 112,739, 742, 750

121, 129, 130, 133, 134, 137, 154,盂超758,760,761

156, 161, 164, 166, 366, 367, 369,帕巴拉·卓列朗杰344

383, 391, 395, 399, 400, 402, 425,拉盘·次旺多吉325,340

449, 509, 517, 534, 541, 543, 597-拉萨 184,318,320-323,323,325,

599, 602, 603, 621, 634, 637, 639.326, 328, 329, 334, 336 - 347, 356

678, 697昌都哦役

318, 319, 321杭州会罐

九查

18, 19,25, 35,47, 66, 69,107, 111, 733

「神仙会」 446,746,747林乎加

644, 645

陕西省

39, 42, 109, 130, 132, 206,林伯渠378,418

392信隔事件 595, 597, 601, 602, 604,

约赖挺

242, 265, 277 - 279, 308

胡志明638

291

胡潘木窗募君、石正章、檀英139

17,27,49, 121, 155, 167, 175,南事会曦 18,19,21,24 — 27,31,

176, 185, 391, 413, 417, 450, 460,

476, 483, 520, 526, 563, 629, 643,32, 47, 51, 55, 64, 70, 72, 76, 78, 89,

644, 646-648, 653, 658, 659, 725,129, 152, 187, 240, 362, 414, 448,

758,763474, 482

胡续体 643姚依林 48

胡级 49,361, 520, 526姚广  296

军委会 88,89,95,125 一 127,封耀松623

135, 136, 495, 498, 579按务分配 144,149,379,385,394,

「军事俱部」 486,488一490,496,396, 397,410, 444, 525, 622, 651,

501, 502, 504, 505, 768652, 659, 661, 669, 675, 699, 727,

退赔  425,449,629, 634,635,637,729, 768, 773

645, 664, 672, 681 - 683政治排帅 98,216,229,243,455,

逢先知 9,167, 362,417,553, 643,462, 488, 509, 511, 524, 579, 582,

644, 716, 720733,742

重座钢公司  45春荒 387,426—428,446,449柯度施 14 - 18,22,23,26,27, 33,

十套34, 47, 63, 71, 108, 128, 129, 185,

《真理报》

466, 467367, 376, 378, 395, 396, 410, 445,

《纽约时报》

304, 465460, 470, 471, 477, 489, 577, 628,

除「四害】2254, 256692, 694, 755

聿国清   19段祺瑞 30

个人崇拜18, 27,28, 33,59, 60, 447,段树成

662, 663

493—495, 503, 572, 579, 580, 583,洪学智5

501, 502

588炮率金P号 263,273,275,280,283—

唐亮48286, 288, 291, 292, 306, 455, 496,

唐 228

夏景凡 200,202

556, 558为知识分子「脱帽加冕」 753,757

孙作宾

55, 74, 78 - 80科尔610

孙志速

319

孙殿才 74,76,77,80（科孚十四条）733, 735, 736, 750-

家庭副业 76,78,430,509,532,621,752

袁宝华175635, 651, 653, 668, 671, 675, 679,683,721

十一登徐子荣

602, 603徐水

（商菜四十条）162, 166, 217-219, 360, 543

722, 726徐向前

83, 307, 419

《开罗宣言）263,265恩逹·丁膏、扎木地逼348

「插红旗，拔白旗」 226,234朗顿·黄噶旺秋357

郭天民¥97格逵活佛318

郭沫若

241, 253,418, 424格罗诺斯基314

郭够兰

357格里申 567,568

陈不头

17桑颜·才旺仁塔

陈正人339

40, 217,218, 520, 621,柔颜·登增顿珠

319

657 - 659浮睡病

陈再励382,383,426, 427,446,449,

55, 74, 94, 99

陈伯蓬19,27,47,49, 71, 144, 145,539, 542, 543, 598, 599, 609, 618,661, 662, 671

158-160, 162, 163, 168, 222, 361,海瑞 415, 417, 738, 758 - 761

362, 364 - 367, 450, 483, 512《海瑞郡宫）768一771

514, 520, 526, 563, 566,628, 643,「岛托邦」 154, 156, 157,167,168

644, 647, 648, 651 - 653鸟兰夫 27,47,419,628

陈伯钩

96, 97, 416, 498特救戴犯748—750

陈叔通

32, 418, 420, 424, 746

陈束  315班辉额尔德尼

320, 323, 325, 327,

陈国楝341. 344, 419, 748

591, 706, 708破除迷信 30,52,54,59,89,96,118,

陈寅恪

229,750

陈婴 16, 19,25 - 27, 31, 32, 47,120. 125, 175, 188, 193, 206, 436,+720, 729, 733, 740

64, 65, 67, 70-72, 170. 173, 175,纳木湖346

297, 367,370, 374, 378, 381, 388,耿起昌517

396, 404, 405, 414, 416,417,419,莫洛托夫 55,274

430 - 434, 436, 443, 444, 446,莫斯科食 7,13,47 － 49,550

447, 454, 456, 474, 495, 550, 553,《华盛邮报》

465

630, 650, 651, 656, 670, 676 -华庚

229

679, 699, 702, 704 - 708, 711,袁子扬

75

712, 719, 737, 748

陈  302袁世凯

30

陈嘉庚424袁永熙

612,613

国陈共产主义理动 12,59,550,565,陈绪英97陈毅 19,47,71,72,83,142, 270,314,

568, 577, 579, 583

基本核算翠位 400一402,410,413,326, 378, 419, 424, 448, 456, 503,

621, 635, 644 -647, 651, 653, 669,550, 553, 582, 737,749, 751, 753-

674, 679, 683 - 688, 700756

基辛格315陈度  91

崔希廉 135陈摄秀S5

崔科·顿珠才仁357陶鲁

27, 47, 112, 365, 392, 458,

康巴 331 — 337,339,340, 347620, 675

康生 23,47,229,234,424,452, 562,陶鳞  19,26,27,34, 47,61, 108,

563, 570, 580, 761138, 367.395, 396, 429,448,

康克清 670459, 520, 526, 577, 602, 620,

张平化628, 639, 648, 650, 661, 683,

3372, 620, 646, 647, 651, 660,

661694, 697, 753 - 755

张仲良

27, 47, 365, 395, 459陆定— 47,72,156,157,235,240,

张宗涵

91, 93, 459, 498419, 452, 526, 563, 564, 586, 717,

张明河

162, 163731, 756, 757

张治中隆铨672

191, 192, 301, 419张劲夫

733马天水174

张春橘马良

759, 760

17, 185, 222, 361, 364

张奚若马寅初

3059,228 - 231, 700, 701

张国忠马鞍山钢厂194

162, 163, 217 - 219

张国华商名凯229

317, 319,320, 323,336,354,高岗 55,101,480,485,487,502

356

张团养高教六十717,731,732,750,752

55, 328

张惠英高扬200 - 203

43

张超643高智4454, 623

张萍

274高价糖果和高价糕点站709

张橙帆高锋 27

486, 508, 510

张经武国家计委

319, 320, 322, 354, 356123,418, 431-435, 455,

张离关

47, 295, 297, 444 - 447,458, 469, 478, 515, 530, 536-543,

452, 460, 462, 463, 471, 472, 477,

583, 631,713 - 715, 718国家经委37,111，123,405,433,

480, 481, 488-493, 495, 497, 498,

503, 504.766, 773538, 588, 714, 727

麦地卡346,347张德生 19,27,47,109,365,392,445,

麦克阿瑟265,266

489, 628张展 83,148

十二童张森 48

「绞索政策」 300强迫命令鼠 454,532,533,635

南省  43, 75, 148, 383, 660教育革命

231, 232,239,240, 258,

进口楼食 630, 671,706 一 708.732

遇渡时期缚路线 8, 486教条主羲 28,58,69,95,96,98 一

隋级门争 23,28,34,35,54,57,69,106, 125, 207, 235, 260, 477, 489,

87, 89, 92, 183, 216, 229, 243, 333,520, 565, 567, 572,574, 582, 584,

488, 489, 517, 518, 525, 528, 540.587, 643, 727

568, 626-628, 639, 740, 757, 765,

229增日昌

771, 772·曹聚仁

301

黄火育

27,651曹树基

611

黄炎培

418, 426, 429, 746梅白

371

黄华

296梅行

525, 526, 643, 720, 728

黄敬 19深耕密植[129

黄欧束 27章士剑 32,301

傅作巍 419章 288

傅鹰228第一次台海危机

269, 273

凯暴·索安旺堆319第一涸五年计划

8, 10, 13, 19, 36,

裔冠葬295102, 188, 196, 207,241, 404, 572.

堪劈·索郎降措339590

嵯峨浩749第二个五年计割 20,21,42,43,62,

彭秀梅

662, 663

彭飞88, 107, 121, 123, 126, 130, 135,136,

229, 231

彭真119, 41, 47,71, 72, 124, 189, 295,170, 172, 177, 188, 217, 218, 246,

297, 371, 376-378, 390, 391, 418,

249, 327,329, 546, 547组绒军事化、行助戟门化、生活集

424, 456, 481, 506, 628, 631, 648,胆化

181,439

656, 667, 670, 680, 694, 728, 735,留仲勘

737, 763, 766419, 432, 452, 542, 594, 601

彭济 27,119菲力普·特610

斯大林 7,8,10,28,29,48,54,56,许立群羊 586,643.737,738

157, 183, 225, 264, 265, 368- 370,许淼新

520, 612, 613, 746446, 476, 487-490, 493, 504, 519,

210, 213, 216, 367- 369, 376, 379,

380, 387, 390, 394, 447, 523, 527,

549, 554, 570, 574, 578「斯大林晚年】1 488 - 490, 493

535, 645, 682, 688, 721, 722, 725

冯友斯托塞耐f315

18, 228, 750

冯白驹73曾希里14, 17,33,47,80, 365, 366,

395, 396, 450, 486, 542, 628, 691-

十三蚕

696, 699 - 701是高国务管 40,41,235,300,329,

「试骏田」

110419,422

勤工俭学

232 - 234, 236,238游阔恩 228

乾部下放

109, 234, 623程活

301, 419

杨力勇197莱裕

杨木水82, 83, 33, 365, 366, 391, 541

701舒同

杨伯济14, 17, 33, 365, 366, 391,541

749万隆会549

杨尚昆

47,367,444, 446, 450, 456,菁毅 459,501,502

470, 483, 506, 565, 657, 766莱子龙

杨尚奎19

371,623粪季壮708

杨易辰

592莱飞 14,17,33,34,285,294

杨波643楚屏

思—　7497

..菜剑英71, 93, 96,419,496, 630, 655

杨蔚屏

164, 203葛罗米柯   291

杨献珍71

薄749董必武 378,401,402,417,418,422,

薄仪  749

423,447董昕

105, 106

甄别平反

681, 743 - 745

裘盛戎759贺龙

71, 317,378, 419,452, 459,481,

解放军平叛作耽 317,330 一335,

486, 496贺麟228

337, 338, 340, 342 - 351, 558, 748

解擎恭 162,163超英超美

48, 57, 62, 64, 119, 121,

资产臂级法椎125, 263

179, 182-186, 214,瓦

357

368, 444, 770撞赖 318—320,322,323,325—

贾拓夫 431,433,452, 458

贺斯柏·贝克611329, 331,338-340, 342, 344, 345,

路意文 162,599 — 602

418, 563集牌所有制50, 145, 160, 180, 182,

履民盲自向城市流购383腹田水利建般 13,17,38,42,99,

裴孟飞 165,541129, 131, 149, 151, 156

赫睿晚夫 10,12,28,55,173,284,覆类合作化 7,9,10,14,36,50,72,

291, 464--467, 469, 479, 480, 488,74 -76, 80, 145, 148, 167, 211, 402,

493, 500, 521, 549 -563, 566, 567,486, 654, 742

569 - 574番任民707,708

赵伯平48雷阳315

赵恒惕

30超凌汉

97十四套

赵家裂

288《输十大关係>

超紫阳11, 80

386, 389, 390, 648廖志高

超前隆628

120, 171, 173,374, 412,432廖沫沙

759, 761 - 764

433, 458座鑫言 27,124,144,435,458,541,

赵毅敏48

542, 621, 648, 653废耀湘748

十五查慕生忠320

广束省 42,61,77,108,133,138,386,算赈 34,35,50,71,136,137,365,

389, 390, 400, 406, 427,442, 448,392, 398, 407, 408, 425, 436, 437,

509, 520, 532, 637, 651, 652, 685,442. 444, 539, 574, 632, 634, 685,

702, 753, 754758

郢力群

156,643, 728算眼派 34,35,71,136,137,392,398,

绑子恢

100, 101, 419, 486, 639, 654,432, 453, 468, 758

655, 686, 702管理髓制

110, 214, 397, 633, 639,

邵小平 19,27,47,71,89,102-104,640, 720

121, 123, 124, 173, 223, 224, 285,精商缩城市人口710

295, 300, 317, 324, 336, 341, 355,蔡元培59

367-370, 374, 376, 378, 391, 396,蔡博   204

410, 411, 413, 415, 420-- 423, 436,蔡铁根

90, 91, 96

446, 454, 495, 631, 632, 634, 648,蒋介石

32, 95, 263, 265 -274, 276,

650, 651, 656, 657, 659, 667- 670,281, 288 - 292, 294, 295, 297

674, 680, 694, 701, 711, 716- 719,307, 309 -314, 320, 558, 578, 673,

727, 728, 731, 735-737, 744, 746,748

748, 750蒋正华610

绑少束 337,342蒋经国

邵拓  762, 770 - 773299, 302, 312

刘溅 48邳 501,502

刘澜波

459, 471郑州食 156,160, 359,365,367-

剂溯涛

105,628370, 373 - 375, 378, 381, 391, 394 -

歇阳敛399, 401, 402, 407, 413, 453, 474,

19,26, 27, 47, 108, 367, 445,

628482, 484, 509, 510, 622, 648, 649,

滕代速 27,62675, 677 - 679, 717

潘薇 229郑庭笈

749

潘复生期振舞

229,232

19, 58, 74, 75, 78,802

衡立煌419郏敦 75

调查研究

237, 363, 370, 391, 507,韶山4

441 - 445, 617, 618, 658, 659齐民友229,231

623, 632, 641 - 644, 650, 654 —刘大杰

657, 659, 661, 670, 671, 674, 678,

229刘子厚

695, 722, 725, 727, 728, 731, 733,178, 391, 392, 620, 628,638,

753685

调整指镖  515刘仁 19,27,620

调整国民经潜的「八字」方针627,刘少奇7,22,27,31,32,35,47,49,

63451, 57, 58, 64, 71, 121, 124, 156,

鞍山钢鳞公司44，174，187，188,157, 180, 218, 222, 223, 235, 264,

197, 203, 205,207, 367,368295, 300, 340, 341, 367, 370, 374,

兼康娃 321,322376 - 378, 391, 396, 412, 416 -423, 434, 446, 454, 456, 472, 481,

十六套493, 503, 621, 630, 631, 637- 639,

《燕山夜话》772－776650, 651, 655, 656, 659 - 664,

整顿人民公社 144, 150, 151,373,674-677, 679, 694, 701, 702, 710,715, 717 — 719, 735, 736, 746, 748

381, 384-386, 395, 397, 406, 426,刘光第97

438, 635, 637,640, 683, 702刘伯承

克 92,94 - 97,41690, 91, 94 - 97, 317, 378,

华 47,496,498

416, 419刘其人93

薄一波  18, 19,23,27,41,47,65, 72,刘建动

19, 449, 620, 697

124, 126, 127,130, 132, 156 - 158,刘洪漆

75

173-176, 205, 360, 374, 375, 388刘华清

405, 406, 411, 419, 430, 432, 433,

148别顺元

14,17

443, 513, 538, 544, 575, 614, 696,刘率一

105

717, 727, 728, 730, 755, 758薛春橘

170, 205, 520, 542, 672

垂茶臻 47,72, 100, 359,419, 493,赖亚力

296

496, 502, 574, 586, 733, 735-737,赖若愚

100 - 106

751, 752铜翻番 125, 126, 169- 171, 174,

175, 177, 188, 194, 195, 198, 208,

十九套249, 616, 630, 642

直山 441, 444-446, 451, 452, 456,线俊瑞

246

457, 463, 464, 470, 472, 473, 480,季森

137,278

483, 484, 487, 488, 494, 498, 503,钱镀能

697, 698

506, 513, 519, 547, 598, 676, 683,霍士廉

644

. 715, 716, 719, 728, 731, 766, 773

厦山会 128, 417, 449, 441,445,十七查

448, 450, 451, 453, 454, 457, 471,应翠腹业生产合作社 121

472, 479, 482, 485, 492- 498, 503,戴洁关

689, 690

507, 508, 513, 515, 537, 547, 622,藏军 318,321 - 323, 330, 335 -

628, 629, 648, 649, 660, 675, 687,349

688, 690, 695, 700 - 702谢高治 27,47,356,656,660

强章龙

55, 165, 168, 211, 651, 693赛甫拉也夫74

罗瑞卿

419赛福鼎·艾则孜

419

罹荣桓27,71钟体 399 - 402

群共二十大 7,10,12,89,493,549,藓先楚

446

555韩事夫192

谭延陶  30

谭冠三 320,342十八查

课政 91,496,580,584《南于无产臂级享政的历史经骏》

龙 165,168,211,651,693

震林19,27, 34, 47,71, 136, 160-

10装进 611

162, 180, 189, 217, 367, 378, 386,食危机

590, 616, 618, 703

388, 413, 419, 450, 457, 477.527,食座量 37,42 -44,136,166,

530, 541, 542, 594, 595, 621, 628,169, 177, 372, 412, 431, 449, 442,

645, 654514, 533, 598, 599, 605, 648, 703,706, 715

二十查以上食微购 5

595, 605, 652, 670, 702

（案内通信） 424,428,446,442703, 711

漱石 55,480,485麒明

观潮派 34, 35,71, 137,174,260,392

23, 203, 433颠增

605 .

398, 453, 462, 463, 468, 758复生

672

植蚜山街星人民公社162, 361鑫祥瑞229

描述：

