id: cf0b1a135d
标题：四川省统计局1961年人口资料统计表 - 表11（单位：人）（本表为出生数）
日期：1962-5-0
是否是时间段：false
作者：
来源：四川省某档案馆
标签：文章
书籍：中国大跃进-大饥荒数据库
书籍作者：宋永毅

正文：
# 四川省统计局1961年人口资料统计表 - 表11（单位：人）（本表为出生数）



   - 1954年 1955年 1956年 1957年 1958年 1959年 1960年 1961年   全省合计 1,864,374 1,907,859 1,957,377 2,048,927 1,701,515 1,167,292 798,955 772,258   重庆市 166,477 138,445 150,738 151,184 133,573 93,513 87,518 65,815   成都市 43,369 39,568 46,184 52,721 49,422 318,998 27,993 24,631   自贡市 17,819 18,389 19,486 21,538 18,348 14,113 12,398 8,235   江津专区 148,919 143,050 144,206 149,443 118,445 95,471 67,287 56,138   万县专区 143,208 142,491 153,248 162,444 120,115 80,826 51,323 72,631   涪陵专区 101,095 99,412 101,285 107,987 88,586 51,252 28,084 35,949   内江专区 148,665 171,494 170,269 171,187 147,621 91,028 58,491 52,480   宜宾专区 217,318 242,219 228,319 256,014 205,720 162,853 100,697 64,622   乐山专区 140,916 143,763 129,264 138,701 83,233 52,659 36,281 35,242   温江专区 121,010 122,529 127,826 130,651 113,323 70,763 42,268 50,202   绵阳专区 243,978 256,688 254,643 271,764 235,866 148,050 102,134 117,697   南充专区 166,463 185,746 189,711 196,039 162,238 111,130 68,199 73,390   达县专区 148,757 145,557 140,605 145,410 131,088 86,073 57,737 72,691   雅安专区 25,613 26,388 25,968 27,882 24,254 15,583 8,274 7,909   西昌专区 31,787 32,186 35,437 39,915 33,966 29,439 22,242 15,602   阿坝州     6,779 6,727 8,452 8,089 8,129 7,361   甘孜州     13,521 7,902 7,501 8,374 8,967 5,054   凉山州     19,838 11,418 19,724 17,277 9,952 6,909   

描述：

