id: 4929f01320
标题：索引
日期：2009-0-0
是否是时间段：false
作者：林蕴晖
来源：
标签：河南文革,山东文革,山西文革,浙江文革,天津文革,上海文革,农业战线,工业战线,文章
书籍：中华人民共和国史 第二卷 向社会主义过渡——中国经济与社会的转型（1953-1955）（中文大学2009年）
书籍作者：林蕴晖著，中文大学2009年

正文：
索引一壹

《人民日报》  41,76,85,86,214,220,F

156顶  378, 387,393, 406,427,436

238, 243,259,263.279,280, 404;「一五]计制 48,185,252,374一376,

412,418,420, 481 -485, 487, 502,378-382, 384 --387, 393-396,

506, 507, 513-517,519,528, 657+

401,406--408,413,421,423,425,

人民民主专政 18,22,110,133,437,427

466,467,471,494一江山岛 584一587,658

人事档案制度 19,470,472

《八一杂》5771

二

刁隆 615丁玲 502,504,507,523-531

十一届六中全会 1，72七届二中全食  2一4,14,15,27,32,

三套

43, 46, 47,61,73, 194, 237, 241,1

247,273, 277, 291,295

[三十萄言1 507,508,510,5111

七届三中全会 29,47,56

「三年弹备十年计割建般」30七属六中全会17，186，196，197,

上林山荣吉6421

202, 229

上海市 117,119,128,131,138,216,七届四中全会62，262，320，326,

221-223, 225,470, 516,531-539,329,334, 335, 337,338.359, 365,

541, 543,546, 563464,507,532,535

上海市委  128, 129,220, 516,531,1

「九天九地」 262,265,267,268

533,536,537,543「二月促退会识」417

久原房之助642

中共中央 1,2,4,7,8,11,12,17,18,于振瀛564千家驹468

24,27,29-31,36, 44, 46,48, 50-

55.58,63,69,71,72,75, 80, 84,86,土地改革 6,8-11，17,29,32,39,

94, 98, 103, 104, 106, 111, 114, 118,42.44.47,50, 51, 60, 80, 90, 91,

122, 124,128, 142, 143,145,149,159.180. 199,227,260, 268, 276,

154-157, 160. 167, 170, 178, 205,

440,441,459,468, 469,474[大仁政]  262,271

209, 213,218-220, 235,239,241,

244, 246, 248, 249,255,260, 270,大陈岛  584,585,657一659[小仁政致」2262.265,271

274-276, 279, 281.288, 290, 294,小女人

311,320,332,334,337,338,342,349,

17.168.177.178,180,181,423

353,355, 359-363, 367 -371,376,[山西批」42、43

378, 379,381,392-394, 397-400,山西 省委  7,11、14.39 -44.  147,

402,405,407 -410,412-415,418,177, 182, 195,297

420,421,423,427,438,439,443,山东分局239,244,339,532

445-447,451,454-457,459-山东省委182

466,480,481,484, 485,489,501,

502, 504, 508, 510, 511,513, 516,工商管理局 53工商滕  55, 119.129, 130,204, 206,

517.522, 524, 525,528 -530, 533,218, 220, 221, 223,253.255,264,

535,537,538, 541, 545--550, 552,267

556, 557,561,562, 569, 576, 578,587,592,613, 614, 622, 651, 653,

1四查

655, 656, 661中央手工业管理局141.232

中共中央东北局  7,14,35,275,288中央商业部  118,152

中共中央政治局会藏12,26,32,46,中央组绒部  36,37,276,282,289 -

126, 409, 418, 420

1292,296, 297,302, 304, 333, 334,

中南局 ·51,84,99,260,276

中期委  94,97,100,126,128,130,339,345,360, 362,464,526,529-531. 544

136, 241 -243, 246, 285, 370, 371

中闽 人民志顾军  266,276,349,373,中央辰村工作部 80,81,84,86,87,

60089, 111. 113, 146 -- 150, 161 - 167,

中国人民政治协商食羲 22,23,256169, 173- 178, 182, 185. 186, 191,

：

438,440, 450,452-454, 461193, 248,276

中国民主建国食170中共-七大  24,26,275,311

中厨科学院  385,397一401中共十二大　1

《文截帮> 480-485,503,505,506,

449, 453, 456中华全国继工食 258

511,514, 524, 525, 527,528「中间地带」  645,647

方然 516丹麦  640,648

日丙瓦会曦 595,599 一605,607-尹达487

612,614-617, 646, 649, 656, 659-互助合作 7,8,10,11,35,36、44,

661, 663

日本  103, 207,225,240, 299, 354,45,48, 50-52, 58, 59.75, 76, 78 -89, 104. 109 -112. 114- 116, 125,

367,389,426,496, 518, 532,540,138, 145 -147, 149, 151, 152, 158,

542, 547,576, 601,619-621, 631,177,197,233, 248, 249, 262, 279,

639-644, 647, 652, 664280, 289, 297,405, 628

比利时605,607,608, 648互助组  6,11、14,30,33—35,39—

毛泽东  1，3-17,21，22,24一26,44, 56, 75, 78, 82, 83, 85, 89, 90,

29 -32,34,43, 44,46-49,51-106, 109, 111, 112, 115, 146- 149,

59, 61-63, 68, 70-73. 75, 80-161, 163, 166, 248, 279,287,296, 297

82, 85-87, 94, 97,98, 103, 107,[五反] 9,32,46, 58,75,117,129,

109, 110-114, 119, 122, 124, 129,205, 210

130, 135, 155, 157,158, 163, 168-「五虎将」 15,344一346

188, 190. 191, 193. 197-206, 208,什维尔尼克 310

209,213,216, 218, 219,229,235,公私一律平等纳税 238,241,243

237,240-242,244-249,252,253,公私合管10,49,53,54,56,61,62,

260, 265-268,270—278,280, 281,1

126— 135, 204, 207 — 210, 212-225,

283—285,287—291,294,295,227,230, 231, 233, 254, 257, 383,

299-301,303, 304, 310-320,322,384,409,552,558

323, 325,326, 328-332,334, 338,化铁 516

339, 341, 342, 347,349, 354-363,1

卞荣泰

605, 607

365, 368, 376, 379-381, 390, 403反臂进

113, 408, 418-421

405, 409,410, 412,413,415,420,天津市

14, 131,216,.217,223,256

422, 428,429, 438, 440-449,452,278,470

453, 463, 464, 466, 468, 481-487,天津财委  239

495 -498, 501, 502, 505-511,尤金  326,359,363,621

513-515, 524, 537, 538, 541, 543,：

后籍制度 19,469,470,473-475

549, 562, 565, 566, 568 -573, 578,手工.业合作柱、134,136一138,140,

579, 582, 583, 585, 587, 591, 592,141, 231

599, 604, 606, 612, 614, 621, 622,

史密斯 605, 607 -610, 616, 660637, 638, 640, 642-645, 647, 649--

台海 30,105, 175,389,453,534,542,

654, 656, 661, 663, 665片山哲643

544, 565, 571, 584, 587,588, 596,牛藻515

601, 606, 620-622,624, 627 -630,王大超

543

636, 638, 639,646, 652-659,王元化

516

664 -667,669王文正

尼克松

656

515, 521王任重

51

尼泊荫

619, 635王光伟

378

尼科蒂夫431王戎 516

尼赫鲁  594,595,598,618,621,629,王昆命

478

633, 635,637,664, 665

布科夫　431王明芳

623,624

1

1王芸生

453

布尔加甯372王炳南

平野义太郎641

478, 604, 662, 663,667,668王泰吉

札瓦斯基273,274

435王倬如

民主粪派604, 622

22,23,119,204,206, 249,王绍整

543

253,254, 262,269,413,438,440,王蔻山

532

443, 447, 451,452, 454, 461, 468,王朝开

504

488,519, 558, 562, 657王稼祥

604

民族区域自治

448, 456 -460王部 371

民族资产臂级

14, 22,29,47,135,王鹤 285,290,293,300,303,309,

202, 204, 211-213, 228, 234,250,310, 313, 371

265,467,546

1瓦西列夫

435五蚤

瓦西科夫

363, 365, 592主要矛盾  32,46,47,69,188,591,592

甘肃省委

196北京市119, 121,131, 138,214,218-

田付景一642220, 223; 224, 231,232, 239,244,

田家英177,442

田间  504

430,446,470, 516, 542卡尼克623

「白盛紫」

304,310

1卡罔诺维奇372

皮杜雨

605, 606, 609 -611, 613卡兹洛夫

432,433

石志昂

623,624

433卡尔德林

六奎

180, 182, 186, 229, 231,右倾保守

409, 410, 412417, 419, 421, 427

伍修656史永  543,545

任敏 516《光明月报》480,482.487

418, 441,449,567,574, 579. 585.全国人民代农大会1,62,381,400,

587, 643,657419, 437 -442,447.449, 450,452,

朱穆之522454-456, 465,470, 537, 578, 587

江青

481,522,529,532, 543全国政协  31,59,61.170,229.251,

江华163 - 165. 209262, 270, 437,439, 440, 443,450,

江.鲜省 92,93,130,131.169,217,453,495, 565

533, 543,547全国军事系统紫的高级韩部会义

[百花查放」

403313, 574

米高扬235, 372, 374-376全国组藏工作会15,30,284,

老舍487288-292,297、298, 362

艾奇逊 6541

全国农业发展网要413

艾青  504,5281

《共同细箱》22,23,43,44,59,61,

269,601, 602, 652,

艾森紫威丽136, 253, 254, 267,437--441,449,

657 659, 664451,454 -456, 460, 566

艾登 605, 606,608 -610,613,646列等  3,22, 25, 54, 63-68, 70,71,

艾德橙64782, 191.432,467,468,511

西林431印度支那 595.599一606,609-617,

西南财委

239646, 656, 664, 666

西哈努克

634吉田茂642

西洛可夫

68向明 241,244,308, 339 -341

七衰合作总社 109,123,137-139,141,

143, 230 --232

何其芳 481,487,499,500,504一地方工业部133，134

507,509, 511多、快、好、省412,413,419、421

何满子 516安子文  14,37,48,281,289 -293,297,

何肇543299-302, 304, 305, 333, 339, 340,

余心清564343, 345, 362,442

「克什米丽公主号]

622安志文  335,378

利用丶限制、改造57,133,244,！1

安度地委52

246, 249.251, 255,256安徽省委

吴成方543

181,194成都会藏¥8

吴努 594,596-598,618,621,622,朱理治 274,307

629, 632,633,635,637朱德  136,139,140, 276,301,302,

吴波  241,245311, 314, 319, 322, 338, 352, 363,

头国植653李德全

624, 641吕502

李锐277吕鸿蜜 76,78,107

李溶深

253,443,445,449孝感地委 52

李橘座

202, 204, 207,208,223,253,宋劭文370, 371, 376

442宋佩夫

122, 222

李翼平209宋时输568

杜宏623,624希格裔夫435

杜勒斯  601,605,606,620,652,655一抗美援朝

227,266, 276, 285, 316,

657, 659-662, 664, 665, 667349, 350, 353.356, 370, 373, 437,

杜维廉646, 661,662, 666440, 441, 469. 507,574, 600, 648,

杜润生80, 81, 97, 109, 155. 158,655

160, 163 - 166, 176, 177,183, 185,「批薄射] 15,281,284,286,298,

192. 193, 201299.310, 348

杜鲁门653－655李一萍564

沙斯特罗阿米佐约618, 619, 625.李士群

532,537,538,540, 547李井泉

629, 633, 66599, 102

沈平 642,643李平  623,624

沈建固李正廉516

623, 624沈钧儒

443, 449李立三

14,22,287, 325

371

汪道涵李先念 99, 102, 122, 124 -- 126, 157,

汪漠国 76173, 285, 286, 416-419, 422, 423,

狄克希特623449, 545

狄飞539李克展 539--541,546, 604

私管工商业  9,29,46,47,51,56,59,李希凡

480,482,485.524

101, 116, 141, 202, 205, 206, 208 -李卓然275

210, 216-218, 225, 231, 235, 236,李能   76

252-257,264,265, 271, 277,382,李富春 244,301,370-376.378,

410379, 381, 389, 416-418,423,449,

私营工案 53,61，126-128,131，526

133-- 135, 216, 217, 230, 234, 254,李雾543

256,383,384李顺逹76

私管商  61,67,90, 116—123,125,李维漠 53,54,56-58,127.131,

126, 215-217,219, 224, 234, 238,212, 255,270, 281,418,449

254,257,383, 385李聚奎568372

季崇威543辛自修76

延安整属12, 276, 336阮忠荣609

彼蒂彼爱613

拉尼埃613八瘙

旺亲王607,634,637《亚非会藏最后公报》631

东北日报》：36,280

林乎加和平共处五填原即 591，593一596

167林伯渠

275,300, 301,311,418,449598, 599,617,622,624, 634, 637

林彪  275,276,299-306,308,309,和平改造 202,212,228周士第566

313, 315, 316, 348, 378, 449, 579,周叔溅

129

587周信济

130

林棚  175,328,334-338,351562

林默涵 481,498 -500,503-507,周炳林周恩来15.23,30,31,48,56,59,

509,511, 513, 514

林巍 169,38794 -96,98, 122,124, 133,134, 154,

《武部1傅》  403,404,477,483,488,155, 157, 173, 188, 209, 211,219,

501228, 240, 244-247,251,252,262,

武漠市  118, 122、132, 138,217,222,263, 265, 266, 275, 276, 281- 285,301, 311,312,314, 315,319, 322,

223.470

武漠市委51,222, 223323, 328-332,334, 335,338,341,

河南省委352, 354, 359-365,370—374,376,

182, 195

河南财委239379,381,390,392,411,412,415-

波别多诺斯探夫431419,421, 422,429,439 --443, 447 -

《波茨坦公告》652,654449,451 -453,457,462-464, 499,

法依瓦基432, 433500,502,504, 507,508,511,532,

法网  286,601 —603,605,609-617,539, 574, 579, 580, 592 -596, 598 -600, 603 -610, 612-616,618,619,

646, 648

知识分子思想改造 19,400,477621-630, 633, 634,636-643,

社会主羲改造 2,12,16,51,52,56-645 -647,649, 651,652, 655, 656,

58,61, 63, 88, 104, 111, 114, 115,658, 660, 661, 664-667,669

117, 120, 124, 125, 128,132, 134,周桓336

135, 139-143, 149, 155, 159, 173,周扬 481,484,487—489,502-504,

507 -512,514, 515, 524, 527, 528

179-183, 187, 189, 190, 192, 193.

196, 200- 202,205, 207-211,213,孟用潜 109

姚仲明638214,216,218-220,222-224,229.

姚依林241,545230,233 —235,249 -253,255,258,

宣傅提纲  5,6,63,69,71一73,145265, 311, 320, 382, 409,410, 412,

宦乡604,646,647413,423,426,449,452, 453,455,

急躁冒进 78,84,85,87 一89,112,466, 467,478,480,488, 512, 548,

113, 147,179, 253.255, 392,411,552

415,417-422,427社会主羲初级隋段2

春耦43芬菌 613,648

柯瓦廖夫13,354,358,427.428初级社42, 98, 150, 200

柯摩施

169,173,209,537邵力子

562

段子俊

435邵荃麟

481,499-501, 504

派塞克623邱吉

592

628,629

科特拉瓦拉邱创成

371

科罗鸟什金

431金沙及4, 72, 301

秋尼索夫434金P门  653,657,659,664

《红楼萝》

478 -488, 490, 492, 494 -金时龙76

496,510阿杏里雅635

《红楼梦研究》

19, 478-482, 485,阿里629, 636

488, 489,491阿富汗 619,621,632,635

约翰逝  662,663,667阿尔希波夫431

美国 79,206,226,266,357,367—阿  515,518,521洗玉清564

369,389,426,492,555, 570, 576,邯椰地委  46,262

585, 588, 591,592,597.599-611,

613,614,616, 617,620-622, 624-九盘

627,629,630,635-639, 643 -648.侯德华543

652-669

657, 658保卫祖国的载略方针 587，588

《美台共同防察条约》

胡子昂俞平伯  19,478-483,485 -491,

202, 204, 205, 208胡子婴

221

494, 495, 513俞守中543

胡立教

545南日605—607

胡均鹤

532-534, 537,538, 540

胡志明南斯拉夫635,651

600, 614, 615431

胡属  19,496-525,531,539,541,哈利托诺维奇

19,470

543, 549- 551城街居制度姚乃130

胡木 86,272,280,294,311,332,418,420, 442, 499, 502, 513,515,

609, 613

泰普潘527

660

浦斋昌胡适

19,478. 479, 483 -487.489--

162-167, 181, 182, 185,

浙江省委493,495,496,513

195胡续伟 12

161

浙江整社胡细 3,4,6,487,494,501,504

乌兰夫

102,449胡耀邦

545,546

357

特里尔范文同

609-611, 614

632

纳伊姆汗范佛里特656

纳赛尔

632茅盾 487.498-500

翁徙六

543郁善交

76

耿庸 516重光葵

643

袁水拍

483重座市

132,257,470

袁成隆

165章国清

610

袁鲲田

543「前安伐刘]

15,288, 310,343,348十登

财经会藏15. 19,94,96 --98, 156,242倡手工业

135, 136, 139,230, 233,

244 -246,248, 281,284, 286 -288,234, 383

296, 298, 299, 301, 303, 304, 306,埃及

619,620, 629, 632,635

310, 314, 315,320, 331,333, 339,夏衍

537,545

343. 347 -350, 362孙中山

剂凤格202,441,453

623,624孙立人

653

马文瑞  274孙志速

281

马列学院30,42,43, 297孙国耀

563

马克思 26,64,69,70, 110, 191,203,岛津忠承641

247, 269, 278,295,399, 448, 453,

：师哲 358,359,365,371, 604

477,479,483,484,487,488, 490,库米金372

492, 505, 506, 511,592库国佐夫431

马克思主羲2,12.19.24,25,69，徐以新371

201,202, 235, 321,482-484, 486,徐放 508,515

488, 490, 497, 505, 506, 511-513,徐海东274,580

517.547徐强543

马来亚

601, 602, 633, 637,638恩格斯64, 110, 278

马林科夫310, 372挪威

613, 635, 648

马洪   2286, 305, 334-341, 344,346,朗甯

613

378

张志申马祖 657.659

543

张秀山马寅初

443

15,99, 103,274,283,288-

443马效偷

295, 299,306, 334,336-341,343 -

346蒿志昂

543

张邦英275商良富

640, 641

张宗逊高朗享

274

574,578

张明  15,246,280,285,286,290,商级社

17.148. 198 -200高崎逹之助642

298, 299, 303, 304, 334, 336-341,高尚  7,13-16,35,36, 39,245,246,

344,346, 347,349张林池

78273-277,279-288,290,293,294,

张治中

253,445,449298 -315. 318- 320.322. 326,

张动夫328-365.378-380, 524,537,548,

209

张建良543550, 571

张禹 516逢先知  4,72,301

张唯--543十一套

张国薇

321,323, 325,336. 365「停·缩·舜」三字方针154，158.

张鼎丞

449,538, 539163

张闻天34,35, 286,301,363, 371,国防现代化 252,367,369.382,389,

372,418,604,622565,575

张森之209国家工业化10. 16. 51,52, 57,58,

张翼 308,378,38177,80, 81, 178, 234, 252, 255, 265,

张澜443,445,449271, 367,370, 382,452, 575

捷沃西安359国家计委  53,172,277,282,344,374,

教育事业401,402,469378, 379,393,407 -409,413 -417,

梁漱漠 19,262-269,270-272

梅志515431

梅林国家资本主义 26,29、48,53-56,

516

梅晨66561,67,111, 119. 120, 124, 126-

《清宫秘史》130, 208, 210, 213, 215, 226, 234,

477.483

华门塔623

253 -255,257,265, 382国务院第八瓣公室133

盛不华221,253

第一个五年建设计刻 48，62，91，崔田夫308康生  301,418,532

258, 649

第-七,际 585,652,655,657,658,664张中晚 516223, 249-251, 255,440, 450 ---452,

陈建邦543466, 467, 483, 546, 588, 593,612,

陈郁  371617,622, 645, 648

陈家康

371,604, 622督仲助  16,48,274,276, 277,281,

陈曼云

543282,301,342, 378, 379, 508

陈国栋

173莫日格策 76

陈寅恪

491莫洛托夫78, 371-373,429,604 -

陈要  16,48,56,94—101,103,108,609, 611, 646, 660

117,120, 133,134, 141, 157.171,许光逹 566,580

188. 189, 205, 209,210, 218, 229,许明 539

240, 244 -246, 275,282 -284,300,建国537

301, 311-315, 319,322, 323, 328,许思华

516

329, 338, 346, 348, 353,362, 363,许宝驹

478

370-374,376-381,389,418,422.郭玉兰

76

428, 443,449,526, 540, 544-546,郭沫若

397,449,487,489,499,517,

622,643519

陕铭珊130郭洪涛

陈毅 48,132,190,218,314,327,

274, 307郭逑申274

333,343,449,535,537,538, 546,

：郭峰  284,289,290,293, 308,334,

574, 579. 587, 622, 643, 655336-341, 344 -346

陈底  568,580, 610陈不

209, 220,221,537

陈锡联  566陈正人

158, 163, 176,275, 305,306,

隆巴特尔 613310

陶叠42,177陈永

543

陶  300, 303, 305, 306,308-310陈企霞

504,523 —525, 527 -529, 531

章乃器

98, 103, 202 -204, 253陈伯村

章伯钓289, 339, 341,345, 346

253,263,452

章汉夫陈伯逵14,44, 80, 85, 111, 113, 155,

622, 667

麦克米伦158, 163, 176, 184, 205, 209, 332,

666379,442,443, 542

姿克阿瑟

654,655陈希云

241

姿金斯（620陈其尤

562

十二陈叔通

202,204-206,253,255,

傅大章52

270, 443,449,452, 668陈坤  532

傅作裁 253,445,449塔623

646, 652, 655 -657,659, 660, 663,

664, 666藓查 623

湖北省委 51,180,194,259,260凯西 607,613

汤蒂因  221单位制度 19,470,471

无产隋级事政 12，18，19,28，64,裔立青543

110, 235,295,437,466-468番冠华 500,501,604,622,667

程子华137,274奠进府载役610

程潜

253,443, 449富马635

栗裕 48,371-373,580彭一湖

170-172

葡反 趣酚 477,548,549,551,553 -彭柏山

502,516

556, 558, 559,562-564彭真  48, 157,190,205,219,231,281,

舒日信 543300, 301, 304, 326,328, 344, 350,

舒燕499,500, 502,504,513,514,361, 378,418, 449, 539, 643

517, 520彭德傻 48,157,193,266,276,301,

华北局 40,41,43-45,89,99,147,311, 312, 314, 315, 348-350, 352,

279,304353, 378,418, 449, 570-574, 578,

华北财委 240579, 585, 587

华束局 99,260,276,463,531,533,彭燕郊516

535-537扬帆 340,531 -533,536一539,541-

华南分局 153544, 549,550

菲律寳 605,619,620,629,634,635,斯大林 12,13,48,49,51,52,54,

637, 63868, 70,71, 77, 114, 160, 300, 350,

街道辨事处470-472353-358, 371, 372,428, 429,436.

费多托夫431438,439,443,548,555,648-

贺香年336654

《罗宣言》652,654斯巴克607,608

云南省委196, 260斯塔列茨  623,624

冯雪峰  481,483,484,496,499,500,斯图加廖夫431斯国普657

504,525,528

黄子文274曾山

98, 119,281

黄作梅曾卓

623,624516

黄炎培

169 -172, 218, 253, 443,朝鲜30,276, 348,349,368,371.

445, 449380, 387,389, 429,437,570, 572,

黄长水

202-204,208583, 591-593,599-609,613,614,

黄景荷543617,621, 629, 636, 637,641, 645,黄华604.622,661

244, 246, 249, 253、255, 258, 296,黄镇622

309, 382,412,416,423,449,455懈逸群543

资产腊级唯心主义19、477、485,

489,496十三壹

贸拓夫  275,281,378,379,381奥地利

600. 623,648

置植芳 516,521溅森堡

68

路翎  501,502,504,508,515新加坡  601,637,638

农村工作食 57.87,112,[48,150新民主主羲 1-3,5,6,8,11,12,14,

161, 172. 176, 177, 179, 296, 29915, 21-26, 28. 29, 31, 32, 34,36,

装村集体化制度 19,470，47438, 42, 44, 51, 52, 56-62, 72, 79,

409,412

（晨业十·七条>88, 109-111,201,236, 244,245,

牌案生产合作社 9.11，17.39,41-252, 257,264, 266, 273.279,284,

44, 50, 52, 76--79, 84, 90, 11)-286-289, 292.295,298, 325.347,

116, 142, 145-152, 154- 156. 158,369,454,455,465,466, 507

159. 161, 163, 165 - 168, 172-174,「新税制]  15,19,237,239,241,244 —

180, 189, 194-198, 219. 233, 280,248, 270, 273,281, 284-286, 295,

297.325,382,383, 385,419,446,391,464

474, 550新经游政策 3,22,25,64,66 -69

「震业社会主羲」J 42,310杨奇清 517,622

浦生622杨尚昆 43,48,157,184,185,244,

瑾蓬林则432275, 283, 285, 294, 300, 311, 317,

逹赖喇嘛·丹增嘉措449319, 326, 328

避渡时期继路线  1 一4,6,13,14,18,杨森 274

32,56-58,63, 70,72, 73,102,103,杨亭76

109, 110, 128, 129, 139,145,146,万隆会藏 599,617,6[9-621,633,

151, 181, 200, 234, 237, 245, 246,634, 636, 637, 664—666, 669

249, 251,252,255,256, 258, 259.叶公超655

263,270, 273,285,296, 304, 317,龚季庄

622

347,348, 367, 382,450, 455,465,栾若夫

431

480, 575,576叶钟英543

雷任民

604, 642董滤 542-544

雷英夫

604资本主义工商业 12, 16, 46, 51 --53,

笛福德

659

頔哈62357,58, 61,63, 135, 142, 201.205-214, 216-219, 223, 224, 231 233,

嬉山一郎642,643

428, 438,439,443, 447-450,453,鹰承志545, 546, 622,641

463, 467, 508, 511,612, 642, 643,座鲁言 7,80, 85,111 -114,155,

652,661158, 163, 173, 176, 177

刘世楷

563茶毅仁 61,129,202,204,207,221,

刘志丹

273,274

225,227,228蒲涛    516

刘亚楼

306, 308, 310, 371,566熊复  506,507

刘建助

176福建省委196

刘国钩

130绿原 508,515,516

刘雪莱

515,516维辛斯基 371,372

刘景窥

281蓓莉623

刘瑞龙

112赫鲁晚夫  13,353 -358,429,649 --

刘靖基129651

刘晚 532,545

刘鸿生 227赵子辉543赵家梁

刘源6清. 41,43,44,99,102,175,300,

302, 303,305,307,341赵紫阳

2, 545

301,351,378赵黑孩

广东省委 182

76赵德尊  294,308.334,336-341,344,

德卡斯特莱 610346

德国  367,540, 600,648, 659赵543

楽松生218藤三郎3643

欧阳庄

516奔燕铭 281

潘梓年

487潘汉年

531-534, 537—550十五套

螂思  516人毒 543

鄱力群420刘少奇 11 -16, 18, 23, 26, 30, 31,

鄂子恢 14.17, 60, 80- 87, 89,109,37,38.41-43, 46,48-.50,52, 55,

111- 113, 154, 155, 157- 161, 163,56, 58,62, 136,140, 154,155, 157,

164, 168..172. 173, 176, 177, 179,158, 160, 161,176, 187,209,211,

183-186, 191, 193, 201, 248, 276,212,218, 219,229, 234,250, 262,

282,301,378,379.449273,275-281,283,284, 286 -288,

部小、平 1,16,48,98, 101, 103, 157,290, 291, 293 -306, 309 - 320, 322,

160, 183 -185, 189, 205. 209, 229,324,325,328-332,338, 341-345,

240, 245,276, 281, 282, 298, 301,347 -349, 351,352.354, 355. 359 -

311-315, 319, 322, 324. 327,328,333, 334, 338, 340, 342,343, 349,

343. 344, 346, 350, 361, 370, 378,350, 353,378, 379, 381,405, 443,

389, 391,418,422, 423,436449, 511,537, 545, 587

薛迅109部拓481,487

薛若梅

543国章76

薛暮橘

2,4,378邺华

308

谢子长

273, 274叠煤

515

光翼

615鲁藜

515

谢富治

542谢韬    5

508, 515, 516十六鑫

谢觉哉275冀游516

赛福鼎，艾则孜449匾汉

564

「奥一律」

19, 235动光

275, 566, 580

钟步云

623,624华3308, 566, 574

钟赤兵

566赖若愚

308赖傅珠

十八套

574赖嘉文

600, 609, 658

槿食统购统销 75,90, 99, 103, 104,

442《选皋法》

106-109, 111, 118, 145, 152, 155,遮甯省委

180, 194, 346

156, 167, 173, 174, 187,259, 260,俊瑞

281

290, 305铁学森

668, 669

环洪钩

274霍士廉

165, 166

森荣臻

48, 370,449, 571, 574, 578,霍林沃思

356

579,587龙449

藤纳尼空

609, 613蓝翎

480,482, 485,524十七

医疗术生事业404优先发展重工业16, 367,369, 386,

魏建功487387

十九套戴尔特莆  615《联共（布）焦史简明教程）

69. 71,

罗布逊一布朗613294

罗伯趣

613,659薄-波 3,14,15,19,21,41,43,48,

罗青长

532,539

罗洛98, 108, 137,171,225, 237,240--

516

罗飞242, 244 -248, 268, 270, 272, 279-

516281,283-287,295, 298304, 333,

罗舜初

371罗瑞卿 48,335 -338,534, 535,539,

184, 212, 235,236,276, 307,311,

325. 331,348, 354-357,359, 363,549, 550, 553,554, 559,566, 580

365,367,369-380, 382, 385, 386,罗荣桓 449,579,587

390, 395, 398, 399.406,424,426 -罗慕洛 620,629,634,638

436,443, 540, 563,569.571.575,藤田藤太郎643

577,580, 583, 592,598-600.604-崇安543罐展林 99,101,157,158,160,163 -

607,609, 611,614, 615, 617, 620,

621, 625, 641,645,646, 648-654,165,167, 172, 176, 286, 304, 333,343

659-661, 666

苏联事家  276,373,390,427-436陶于建国以来蒸的若干历史间题的

决>1,72

漱石13,48.162,273,276,282,《关于晨业生产互助合作的决藏）

286,288 -291, 294-296, 301, 311,86, 88

313-315,319,320,322,329,333-

335,337—341,343,345,349,360,（关于增强蒸的国结的决藏）322,

325

362-365,378,463, 532, 533, 535 -

539,541, 542, 548,550（关于整顿蕉的基展组织的决藏）

288

镜兴橙 76关露543

微内资产臂级思想 244,248,249,

273二十壹

藏政关係 460,463文井504

组韩事鲁  281—283,462,464,465斐德623,624

二十一登甸 515

顾征南516藓加加诺 625，635

顾维钩659苏拉瓦底 635一637藓纳约 633

二十二套「蒜区粪」  310苏建利科夫431

广买政策 202,206,212苏 10,12,26,35,37,40,48, 51,

魏育之19

澎60463, 68,70-72,76-78, 83, 97, 176,

描述：

