id: 5a3a057b10
标题：索引
日期：2006-6-0
是否是时间段：false
作者：沈志华
来源：
标签：革命委员会,工业战线,文章
书籍：中华人民共和国史 第三卷 思考与选择——从知识分子会议到反右派运动（1956-1957）（中文大学2008年）
书籍作者：沈志华著，中文大学2008年

正文：
索引一查

542, 563,571, 581, 582, 638, 643,一五计割  21,136,137,164,166,

670

于光远 73,238168, 184, 199, 202, 203, 332, 335-

千家 281,542.550.583,623337, 347,428, 431, 691, 692, 694,

大民主和小民主432695,768

大国沙文主羲94，117，391，393,二套

395, 396, 425,442, 446

大清洗  93,94,99,101, 110,294,374,丁玲  243,244,669,682,684

376, 401, 703了陈反燕集团669

大大放  515.525.556.564,568,九三学社 26,224,226,261,277,

588, 590. 594, 595,597,615, 620.483, 488, 536, 537,546, 579, 623,

632.649,664, 674, 723624, 640

大进  143,145,162,336,347,652.二五计割 76, 138, 148, 166, 168,

688, 765, 771 - 773170, 172, 173, 186, 193 - 206, 271,

工人能工  375.433,448, 449,499.

429, 767, 768, 771人大-届三次会74，182，183,

615

工商界座会 561,570.582

224, 273, 289, 294, 339人大四次会曦76，131，600，604,

工商业者改造623

629, 766人造卫星739,757.776

四壹十二年科学发展规划 75,76,224

中共七大 315.316,319,320,354,

360. 361. 368.505三套

中共-七届-七中全会204,306,309-三反运动  32,38,142,228,277,505,

311, 314,317, 318, 321中共七届六中全会17，159，163,

反冒 进  146 — 148,179,180,184 一193

187, 193, 195, 196, 206 - 208,中共八大二次会313.361,657,

210--211, 308, 766, 768, 770, 771,679, 765

773中共八大政治报告121,275,306一

尤金 24,37,74,113,119-121,217,308, 324, 325, 348, 349, 353,676

380, 381, 389- 391, 393, 416. 705.中共八大路线141.303，304，308,

717, 733 - 736

巴甫洛夫学说528309, 322,324, 346,348, 353

巴金  46,335,478,531,606中共八大于政治报告的决

引1蛇出洞 462,468,484, 523, 526,

323.327中共八届一中全会f318

554, 555, 561 - 563, 597, 602, 609.中共八届二中全会207.210,211,

610, 656

手工业者退社450289, 333,390, 408, 424, 430, 434,

日丙瓦会曦16, 25, 63, 123,692

436. 451,455,457,466, 470. 500中共八届三中全会326,516,631,

毛泽束 14 — 18,20,22 — 25,27 —647,648, 654, 655, 661.662, 672,

29, 37, 42, 43, 48, 49, 52 - 56, 64,675, 679, 680, 689, 768

75, 79, 80, 94, 105,111, 112, 114-中国民主促进会 26,261,276,540,

117, 119 -- 124, 126 - 134, 136 -546. 579, 623

167, 169 - 175, 177 - 179, 182 -中国民主建国会 26,261.276.453,

184, 186-188, 191, 192, 194, 195,486, 536, 539,541, 542, 583,623,

198 - 200, 204, 206, 210 - 215,644. 653. 654

217 -- 221, 225, 233, 235, 237, 244 —中国致公案261,539,545

246, 248 - 250, 256, 260 - 266,中国国民薰革命委员会26，224,

268, 269, 271 - 273, 278, 280, 282,261, 276. 536, 539, 540. 542 - 544,

286, 287, 290, 291, 294, 295, 298-548, 567, 572 - 574. 582.609, 615,

301、303, 305 - 321,324 - 331,616. 623. 624

333.334,342.347,353,355,356.中国晨工民主冀261,542,543,623，

358, 359. 361 - 368, 376 - 378.641

380 - 382. 389 - 391, 393, 399 -中华人民共和国患法  142.220,301

401, 408, 410, 412, 415, 417-- 419,中苏友好协会  130,699,717

421 -- 424, 426, 430 -- 434, 436 -五反运动142.228.277.505,538,

441,443,450, 451,453, 454,457--563.571, 581,583,638, 670

484, 487 - 494, 500 - 519, 522 -六六六事件613

527.530, 532 - 535, 537 - 539,

759541 - 544, 546, 551 - 565, 568,

右派人数627,662,664569, 573, 579, 583, 584, 590, 594,

右派言  560,564,602,605,622,596 - 608, 610 - 615, 618 - 633,

625, 628, 633, 634, 655, 656, 664,638, 643, 644, 646, 648, 650, 657,

668, 669, 724661 -- 663, 670, 671, 673 - 675,

台湾民主自治同盟 261,276677 - 682, 687, 689 - 692, 696,

尼赫鲁707,762697, 699 - 703, 705 - 708, 715,

布尔加等74，100,312，399，405,717 -- 721, 724 -- 741, 743 - 766,

413,420, 697, 709, 712, 716768 - 773

民主案派座谈会 535,557,561,562,毛泽东思想 361一366，441，523，

564, 574, 611554

民族主义 94，350,364，370,375,王光伟199

395, 396, 403, 438, 637王亚南

230, 510, 633

田家英  150,154,327,438,672,674王若望

531, 606王飞432

六登王造时 572,606,613,629,635,668,

伊巴露丽109

686 - 688王蒙 258 - 260,474,478, 485, 666

伏罗希洛夫95，100一102，413,王稼样 114,117,318,702,731

697, 699, 700, 732

全面学习苏联  130,132,136五查

全国司法工作会藏  292

全国宣傅工作会 476, 484, 502,主观主义 116,182,251,313,353-

511, 513356, 451, 458, 462 - 468, 478, 479,

全国政协二届三次会 484482, 493, 503, 504, 515,517,518,

共同纲领 273524, 532,543, 548, 562, 570, 586,

共产黛情报局 364, 365, 424, 726,638, 652, 769

728, 732, 746以苏联为首322,373,440,723,737,

再论无产臂级专政的历史经验

743 - 748, 754. 759北大学潮596

145, 381, 434, 437, 440, 470, 536,

750卡罔诺维奇100,102,204,385，392

冰心581405, 413, 420, 697, 698, 703, 705,

例牙利事件 291,299,370,372,395,

735, 738卡逹 401,410,416,417,425,430

411, 412, 415 ~- 417, 419, 425, 430,卡德尔

435, 438 - 441, 443 - 446, 458,457, 732, 749 - 751, 753,

429, 450, 452 - 454, 496 - 498,459, 471, 472, 474, 482, 489, 608,

650

615, 618, 632, 640, 749吉洪诺夫404, 405

七查合作化  15,18,19,128,134, 136, 143,

147 - 151, 154, 156 - 161, 184,

何思源62185, 197, 307, 334, 339, 340, 342.

何香凝 567,624343, 346, 450, 452, 457,472, 490,

别尔乌辛 100,204,406,713495, 555, 563, 594, 655,660, 664,

吴之瀚

60, 61678, 770

吴玉章

362多、快·好、省的方针51，147，

吴冷西

113, 115,235,389, 390,397,148, 165, 180, 182, 186, 206, 333,

414, 436, 438, 440, 441,559,616.769,773

620, 743安子文 20,507

吴英 60,61朱可夫  385,405,407,408,413,419,

吴德239697, 704, 715 -- 717

宋任

711, 713朱德  75,180, 306,318,319,321,367,

宋振庭

31394, 429, 516, 557,601, 699

宋壁龄 266,624,755,761江暨 669,683,684

批右倾保守主羲38，154—156，百花齐放、百家争215, 219,

174, 194,207.245, 307. 308

批《人民日报》447，506，512，220, 280, 285, 297- 301, 308, 368,378. 379, 402, 470, 473, 476, 482,

525

李井泉 343,566,621488, 491, 501, 502, 504, 506, 512,

李四光

40, 63,73, 76514,515,524, 529,533,550,571,

李立三597,611, 650

313, 314米丘林学派 216,238

李先念

: 147, 171, 179 - 181, 183 -米高扬 92,93,99,100,102,105,106,

185, 187, 197, 306, 308, 318, 319,111, 114. 120, 128, 135, 140, 201,

333,497李伯球

543, 683, 684261 - 263, 381, 385, 386, 404 -

李希凡260406, 411 - 414, 418 -- 421, 691 -

李强693,712693. 697, 701 - 704, 716, 725, 726,

李雪峰312,318

732. 759老子戴作风 394,719

李富春16,48,73,76,138,147,165,老舍  244,249,254,478

168, 170 -- 172. 179 - 181, 184 -自由市场 140,141,341,344—346,

186, 193 - 195, 197, 199 - 209,220, 308, 318  321 、~3, 334, 341,

254, 314, 480, 567342, 497,691, 709. 713, 767,772

命令主义355,451,464,469,483李慎之  15,115,286,432,682

季羡林41.46,60,61,63杜威  57,220

宗派主羲 49.51,54-58,72,223.沈志 230, 276,548,683,684

226, 242, 247,275, 313, 353,356.八查

357, 462-- 468, 478, 479, 481, 482.

488, 492. 493, 503, 504, 507, 515,雨类矛盾学470, 472, 486, 490,

517,518, 524. 530-532,538, 539.500, 504, 675

543,548, 562, 570, 575,577, 583,和平共处 16，17,82,83,86,111,

585, 586.640, 652123 - 125, 238, 379,413, 739, 742.

官僚主羲 32.82、250 -252.258-751, 763

260, 272 - 274. 277,288, 291, 292和平宣言

689, 737, 741. 752

348, 349, 353-358, 433,434. 437.和平过渡  81 ～84,116,123,124,

447, 449. 450, 458, 462- 469, 474.126, 380, 440, 718, 734, 737, 739-

475, 478- 480, 482, 483, 488. 489.743

493.494, 499, 501, 503. 504, 515.周小舟343

517,518,520.524, 529,532, 534,周勃256

543. 548. 556. 562, 564, 570. 575,周恩来 18 -20,25,26,29,39,40,

591, 594. 599. 621, 622, 652. 663,43, 48 - 54, 56, 58, 59, 64, 71

664. 67276, 115, 117, 124. 125,139,147, 148,

林伯渠 318.319152, 153, 157, 158, 160, 164, 165,

林克 290,302、432,524,532,554.168 - 182、184, 192, 193. 195 -

600, 616200, 204 - 212, 218, 221, 235, 236,

林希翎587.639244, 246, 249, 250, 264, 268, 273.

林彪318 - 320284, 287,289. 291. 292, 296, 305,

林枫

306306, 308 -310, 316, 318, 319, 321,

林铁343324, 332,333, 335,337, 338, 346.

波兹南事件376,384,391,429,452347,349, 367, 385, 399, 423, 427-

波斯佩洛夫　99— 103431, 434, 516-- 518, 556, 557, 601,

波兰十月事件 382一400,424-611, 612, 614, 615, 633, 660, 691,

434692, 696, 699, 702, 705, 709. 711

知识分子政策14, 18, 19,23,25,27.714, 719, 729, 731, 733; 734, 742,

37. 38. 47 - 49, 52 - 54. 59 - 62766 - 768, 771, 772

政协二届二次会124，171,292,

70, 447.580知识分子问题会13，14，19，20.

324柯施

280, 509,606,61126. 29  31, 37,47 - 49. 55, 56, 58 -

胡先  57,218,237,238,529,53061, 64 - 66, 72, 73, 160, 169, 213,

胡属 18,19,24,43 -47,55,57,62,

324, 339, 447社会主要矛盾322  324, 674, 688

63,223,243,245,246.248, 253,254.社会主义改造15,17.18,136,147,

294, 531, 582, 586, 587, 612, 645,

667,671149, 151 - 156, 164. 171, 173, 188,

胡木 20,48,142,177,180,182,211. 212, 223, 249, 266 - 268, 270,

188, 191, 192, 233, 235,281, 286,274, 288, 291,303, 307.308, 314,

305, 308, 310, 318, 327- 331. 364,322-326, 332,338. 341, 350, 430.431, 448, 452,454.458. 463,492,

438, 439, 467,512, 514. 516 - 518,498, 518, 603, 632, 660, 675, 677,

533, 602, 610.616, 702,733,734,

738, 741739. 740, 771

胡适 24,43,57,220,223,231社会主义现实主羲219，255一

茅以升 60, 61

257.669邵力子 276,540,543,548,624

茅盾 244—246,254,257邵荃麟567长期共存，互相监督213，214,

十董271, 273,274.276, 282.286.456,

个人崇拜问题 95,99,102,103,106,531,535,474,508,541.542

109,118,126, 353,359,361,365.阿里斯托夫100,102,103

366, 435, 703青岛会曦 628 - 631，633 — 635,

修正主羲80,141，326,374,502,637.661, 662,678, 680, 681

554, 603, 604, 608, 619,622. 702.青岛道傅学座谈会  236.239.241

734, 739, 748, 763非斯大林化  85.96.105.111,115,

哥穆尔卡732,737-739,747,748.122. 123, 381

757 - 761

孙大雨 258,635,683九薏

徐冰  20俞平伯 24,43.57,223

徐璋本 575,684冒主羲332

徐铸成 279.297-300.478，480.姚文元620

483, 487,629, 644, 683, 688思想改造运动  18,24.38.42,43,58,

核武器与核戳争  83,86,707一715.

760 - 76361.215.228,236. 547.580

488, 502, 506, 527,528, 530, 532,格罗 375,376,379,401,403,406-

538, 543,554, 571,575, 582, 583,408,410, 416

585, 587, 608, 696浦熙修 279,280,282,629,644,683,

梁思成 57,59,60,62684

梁漱漠 24,43,57,59,60,62,223,秦兆阳 254,256纳吉603,606

272, 295, 459, 643, 663

鸣岐  582,583,629,653,683,688除四害161

第十-次最高国务会藏470马利甯404，406

第十二次最高国务会519,521马林科夫 85,90,91,95－98,100,

莫洛托夫95，97，98，100-102,104, 140, 204.219, 253

140, 385, 386, 392, 399, 405.413,马林科夫、莫洛托夫反万集团

416, 419 - 421. 697 - 706, 715,

140, 698, 702, 715, 722,735马哲民

722, 735, 738, 758230, 547, 630, 683, 684

莫斯科宣言

689, 737, 754, 764马寅初

42, 43, 483, 543, 630

郭小川

252, 260, 488马寒冰

260, 479, 669

郭沫若 23,59,60,70,72-74,184,高岗  313,319,321,360

214, 216, 220, 224, 228, 230, 529

陈正人192十一童

陈企霞

46, 57, 243, 669, 682, 684昆榭《十五真》219,249

陈伯达 48, 160, 214, 219, 306 -基里琴科f  406

308, 310, 318, 320, 327, 329, 330.康生  115,218,244,318-320, 468,

535,602, 738, 741, 771478, 491, 531, 557, 601, 616, 669

陈其通 473,476,479,488,509,511,张治中2

295,540

513, 514, 669张劲夫73,76

陈叔通 266,545,611,624张奚若

543,544, 554 - 556

陈垣

25. 60, 64, 485张闻天

27, 200, 318-320, 365, 368

陈涌

253, 254, 256, 666, 682张际春

20, 280, 300, 301

陈云

23, 48, 135, 140, 147, 152张德生

343

154, 158, 169, 176, 179 ~ 182, 184,拂文盲 161, 189 - 191

185, 192. 196 -- 199, 207, 209, 211,教条主义 61,116,118,125,216~

244, 286, 306, 308, 310, 311, 318--218. 223, 236, 237,239, 240, 242,

321, 333, 338 —341, 346, 347, 427,252,255, 257,278, 307, 354, 365,

433, 434, 459, 460, 497 -- 499,425, 441- 444, 446, 449, 463, 464,

516 - 518, 556, 557, 601, 692, 702474, 476, 477, 479, 481, 482, 486,陈铭536,537,540,543,554,555,

362, 368, 709, 713

斯大林 16, 17,77,79 - 81,84, 85,

573, 611, 629, 634, 643, 683, 684陈毅 20,72,73,75,76,160,244,246,

88 - 109, 111 - 123. 125 - 129,247, 306, 318 - 320

131 - 139, 142, 144 -- 146. 175,陵定—  44,45,48,54,57,58,187,

208, 214. 217, 218, 252,253, 256,188, 191, 215 - 223, 225, 231, 237,

261, 263, 272, 286, 290. 294 - 296.242. 298 - 301, 318, 473, 476, 479,

300, 307,313, 315, 356, 359, 364-488, 509, 511, 512, 557,601, 604,

366. 368, 373 -381, 391, 395, 402,612, 630, 696, 738

403, 420, 421, 423  425, 432,睦644，684

435 - 443, 445, 446.458, 463, 472,陶 467

474, 528, 547, 587, 691, 702, 703,章乃器 184,277,459,492,493,536,

705 - 707, 717 -- 719, 722, 723,538, 539,547,554, 555,583, 607,

725 - 728. 735, 739, 744 - 746.610, 611.613, 623, 624, 629, 635.

748 - 750, 758. 766639,.643, 644, 653, 683, 684

普拉演 434--436,439,441，444,章伯钧 19,20,64,184,185,277 一

749,750

曾山135,345279, 281, 282, 483, 536, 537, 550,554,555, 562, 569, 570, 575,607,

曾昭. 242,540 —542,550,613,611, 613 —615, 619, 621, 623, 626.

683,684629, 630. 634, 639, 640, 644 - 646,

朝鲜争 25,49,84,105,123,377,683, 684, 687

420, 691, 723, 726, 757章罗联盟1626

反运动

力18, 19, 24, 27,36, 37,

43. - 47, 57, 62, 267, 292. 294,十二套

542, 544, 547 - 549. 571.580,傅作义 264,295

581,596傅雷476,484

舒燕484,670,682

葬沙条约组綫 393、400,422、445傅种孙

系 46.580, 683,684傅 55,547,559,560

华罗庚

40, 64富振声37

费正清

39,45彭真  20,48, 115,149, 181,183,244,

费孝通

19.42.230, 487.613.629,293, 296, 306, 318, 319, 516 - 518,

630, 683, 684

贺龙306,318,319557,601, 602, 607,611,612.621,630

超英美739彭德 181, 306,314, 318 — 320,

隋级门争理680冯友菌 25,42,60-63,485,529,532

裴多菲俱楽部402,606黄炎培  264,266,295,454,470,549,

赫格居斯

406, 410, 416

赫鲁晓夫 22,77,79-81.83.90 -611, 624

95, 97 - 100. 102 - 107, 110,黄秋耘567

112 - 114, 116 - 120. 122, 123,黄绍

295, 544, 629,643, 683, 684黄琪翔

126. 129. 136. 142- 145, 204. 217.

64, 539, 629, 683, 684黄药眠

286. 299, 307, 320. 359, 368, 376,253,542, 550,613, 630, 683.

378, 380, 382 - 388, 390 - 392.684

394 - 400, 405 - 408, 412 - 416,十三查

419  423, 439, 441 - 445, 458,

691 - 694, 696 - 707. 712, 715 -奥哈布  374,375,386.392,394.397

722. 725, 726. 730 - 738. 740,新闻改革233

745 - 753. 756 - 762. 764. 765.杨献珍666

767.771温情主义

625, 628, 633, 635 - 637

赫鲁晓夫秘密报告286, 421经验主羲 354.463

赵文璧645.646飞 330,343,510,634葛佩琦  576,610,634,635,641,642,

十五画

684董必武  62.292,306,308,318,319,

刘少奇 115. 117, 120, 121.130. 138.351, 352.353, 363, 429

147, 149. 151.156. 157.164. 171,腰民退社448,594

179 - 183. 187. 188. 195, 198, 211.农村社会主义大 648 - 661

217.220. 235, 236. 244. 246 - 249.展业发展纲要

49, 75, 128, 148, 159 ~

264. 268 - 270. 277, 278. 293. 299.163. 166. 184, 189- 191.210, 292.

300. 304 - 310, 314.316, 318, 319.307, 428. 648. 769. 770, 773

321.323.324.326. 331, 332.335.雷海宗528,532.643

337.345.347.349.350, 354.355.

357. 359 - 361. 365 - 367. 377.十四麦

389. 390. 393 - 400. 407 - 409.

412 - 416. 424 — 427, 429 - 432,刘分右派及其标辈 637一 646,661一

434. 456, 466, 483. 493 -497. 500.672

501. 516. 522. 535. 557. 566, 600.对右派的批判和门争 628 - 630,

616. 666. 694. 696. 699. 700. 702.

637 - 646廖鲁言

703. 717, 719, 726. 732. 734. 736.

160 -- 163, 183. 187熊克武 276,542

771刘白羽

整风动员 620,668

244, 246.248, 252, 253刘芝明

郁文 615, 641, 645

247, 251刘绍棠

伟长256, 257,259. 682

242, 603, 613,639, 683, 684

端升刘宾雁

239, 242, 683.684

258, 260, 668, 682刘晓

学森

40, 64, 73. 709,713112,442,704. 714, 716, 718.

镂钟书55753

龙云 272,295,548,607,629,639,683,摩尔根学派

216, 237,238, 528蒋介石44,120,142,242,433,475,

684581,611, 643, 766

十七登论十大关係 139,141,145,175,186,

218, 272, 290, 294, 308, 333.334,

储安平 276,279,281,282,483,550,368, 696, 721

577, 583, 623, 629, 634, 641, 642.无产臂级专政的历史经验  145,

643, 645, 683 - 685359, 381,434, 437, 440. 470,586,

薄—波  22,34,73,114,135,138,147,722.750

165, 175, 176, 179 - 181, 185, 187,部子恢 184,185,333,334,341.342-

191,197,198, 205,207.210, 290.344. 406

308, 318, 319, 328, 333, 334, 336,部小平  114,115,117,121,182,195,

497, 604, 766

谢皮洛夫104,406,413,708,730198, 268, 273, 274, 290. 304 - 306,

谢富治564314. 316. 318 - 321, 354 - 361,

谢罗夫366.367. 394 - 396. 415, 454. 516,

100,404, 406, 411,413,697

邀请蕙外人士整风  525一535518,520, 557,559, 601, 606,613,

大《参考消息》发行235,475619, 627,630, 632, 635,638. 648-650, 654, 666, 675. 681, 702, 733,

十八

734, 738, 741, 747, 764邵拓 280,512.513,515,620

最荣臻  76.115,306,709 -714郢初民276,623

布罗夫  100,102,406,414剪伯赞  214,529,530,623

双轮双犁  161，163,172.189 一

193十六盘学生民主连动 585－588

十九薏学生课448.449,499

罗申  23,264,377,705争与和平问题 17－18.82—86,

罗科索夫斯基 384，386,387,389,722. 761 - 762

392. 396, 398 - 400隆基 42,62,68,184,224,228一

214, 236, 272, 286, 294, 296, 298,

303, 307, 308, 350, 359, 366, 368,230, 264, 277-- 279, 281, 282, 485,

369, 374, 376 -- 378, 380, 420, 421,536.540- 552, 554, 555, 569, 571,

424, 425, 432, 435, 438- 441, 445,611, 619, 621, 623, 626. 629, 642-

458, 463, 696, 718, 719, 723, 725,

646, 665, 683, 684罗瑞卿

160, 178, 184, 294, 612

735, 739, 741, 743, 755,763, 764天荣586

苏斯洛夫100，104，204，299，405,政  306,318

406, 410, 412, 418, 697, 717, 730,谭惕吾 573,615,629,683 - 685

736, 738, 740, 741, 747谭震林  115,160,306,318,507

苏联专家 21,22,51,61,74,75,132,关于无产隋级专政的历史经验

137, 200 - 202, 237, 548, 693, 694,117 -119, 218, 378, 424, 440, 441,

696, 715,720, 721, 723463

苏聊对华经济援助  691

苏联模式  84,137,442二十壹及以上

冀内右派·636,637，649,669

黛内民主91，92，95，303，353,信民542

358 - 360苏中友好协会  717,718

铁托 120, 364, 365,374, 416, 423,苏共二十大 77,79一83,85—87,

434 -437, 439, 441, 443, 444, 457,98, 104, 105, 109, 111, 115 - 118.

587,723,725,729, 730, 732. 749,120 - 123, 125, 126, 128, 129, 136,

750, 752, 753138 - 140, 145, 146, 175, 201, 212,

描述：

