id: ab45fdbd94
标题：参考文献
日期：2008-0-0
是否是时间段：false
作者：钱庠理
来源：
标签：夺权,工业战线,文艺战线,文章
书籍：中华人民共和国史 第五卷 从挽救危机到反修防修（1962-1965）（中文大学2008年）
书籍作者：钱庠理著，中文大学2008年

正文：
索引--1-

（十年总结）

)64,132,133「一个指头和九个指头」108

三套二查

「三分天，七分人」32，51，七千人大会 47,51,52,54,55,65一

108, 109, 140三和一少

266, 281, 313-317, 319,67, 74, 77--81, 83, 92, 96, 99, 100,

408102, 103, 106, 107, 109, 113, 115,

三线 389,411,426,431119, 121, 125, 126, 128, 130, 139,

「下马 ↓ 172, 173, 176, 177145, 146, 148, 149, 151- 156, 158,

大分化

433, 454, 458, 459, 476, 477167-171, 174, 179, 180, 198, 203,

大改组

433, 458, 459, 476, 477208, 209, 212, 213, 219, 221, 223,

大动鲨

433, 458, 459, 476, 477226, 259, 265, 266, 267, 269-271,

大寨398,489－491274, 283, 285, 292, 306, 403, 419,

大度 305,429,484,488 —490430, 432

大罐进 23 - 25,43,46,53 — 55，九2

259, 358, 359, 364-366, 375,

57 - 59, 64 -- 66, 72, 74 - 77, 79,

474,475,502二十二大 73,136, 253,254, 256,

80, 82 - 87, 89, 91, 92, 95 - 102,

104 - 106, 108, 110, 111, 113, 114,259, 260, 268, 291, 344, 345, 349,

118 - 121, 124, 129 - 133, 136,

350, 354, 362, 372二十三条 404－406

137,139 - 143, 145, 147, 154, 156,「八字方针」307

157, 161 - 164, 166, 172, 173, 175,八届九中全会89

212, 213, 216, 223, 225, 228 -230,

270, 271, 274, 283, 289, 290, 307,「八万言书」224, 225《十年戴》

380-382, 392, 394, 397, 414, 419,137503

500 - 502, 504, 505, 507小站夺权318,326

王任重 80,81,98,128,196,207,305,「工业七十条」60

408王光美

32, 301, 309, 322- 325, 422四壹

王延春

292, 302王稼祥

76, 136, 167,281,314,408中央财经小组160一162，165一

168, 306

五登中印界行突 246,333一336,342,

代食品  39— 41,191434, 438

包产到户 57,65,165,172,179,180,五月中央工作会172,209,271，

182, 184 - 186, 188, 192, 195 -

273「五属l 145,173,182,203, 290

207, 226, 270, 272-276, 292, 298,分田到户165, 182, 188, 196-199,

303, 315,403, 408, 419

北顶南放  320,465,470204, 408

古巴导弹危机 332,336一338,342，「絮根串连」309, 323「文艺八条」60

347, 355, 457

四清 128,289, 290, 294 — 296,《毛主席语录》430,432,496

298 - 301, 304, 305, 308 - 311,毛泽东 23,24,28,29,53 — 68,71 一

313, 318, 321, 322, 324 - 328, 377,77, 79, 80, 82 -- 97, 103 - 106,

383, 395, 397, 398, 400, 404 -407,108 -- 116, 119, 120, 122 -- 145,

409, 419,473,482, 505147 - 149, 151 - 153, 155, 156,

尼赫鲁 263,333 — 336158, 160, 162, 165 - 167, 170, 171,

必然王国 57,133,134,136175, 180-182, 184, 186, 187,189,

1

田家英 62,69,72,78,80,110,145,190, 192 - 198. 200, 201, 203

1

195 - 198, 202, 204 - 206, 270,208, 210, 212 - 214, 219, 222一

276, 286, 302, 303, 306, 323, 324,230, 234 - 236, 242, 243, 246一

404, 418,419249, 251, 252, 254, 255, 258, 259,

白银有色金公司事件312261, 265 - 287, 289 - 300, 302 --

1305, 307, 309, 310, 312 - 320,

六查322 -- 325, 331 - 335, 338 - 340,

伍修权 339 —341,343,344,346,342 - 345, 347 - 361, 363 — 369,371, 372, 374, 377- 432, 436, 437,

351, 354, 366, 368

全民国家  136,257,258,353440, 442, 444, 454 - 457, 459, 460,回麓货

155, 158,177

367 - 373, 379, 381, 382, 387 -地富反壤

282, 294, 327,400, 415

389, 396, 398, 401,402, 410, 415,朱德 80, 117,167,168,273,284,320,

416, 421, 422, 425, 431, 485—487,353, 367,371, 406, 407,422, 425

490江青 127,276,281,324,378-381,

「官僚主羲者隋级」399

林彪 80,88,116 — 123,125 — 127,386, 388, 390, 393, 399, 401, 402,411 - 420, 429

138, 147- 149, 153, 167, 273, 304,江渭清 292,293,296,297,321,322,

417, 419 - 432, 479, 495, 496324  326

社教运动  299,302,309,311,313,米高扬255,367,369,370

320, 322, 325, 327, 329, 330, 398,

400  404, 409七壹

肯尼迪  277,281,291，334— 337,

339, 355 - 357, 441 - 448, 451,李井泉80,83,273,320,401,402,

474422, 426, 478

金日成 255,315,316,336李先念 41,66,80,153,154,159 --

停田里见 316161, 166- 168, 273, 284, 320, 358,400, 477

九李富春 41,66,80,88,98,159—161,

166- 168, 234, 273, 284, 307, 358,

信阳事件61401, 402, 459, 463, 466, 477

前十条 297,299 — 303李汉 214,218,314,315,407

勃列日涅夫  332,366，367,369 一

371,373, 457八童

姚文元411—41811

「帝修反」251周林143

后十条

302, 303, 317,321 -- 325周恩来 41,47,48,61,65,80,83,84,

柯西金

366 - 369, 371, 37293, 94, 125 - 127, 138, 149, 152,

柯施 53,80 —87,98,129,145,153, 158, 160, 161, 165 -168, 171,

149, 207, 208, 242, 273, 276, 284,174, 175, 212-214, 218, 219, 227,

293, 325, 378, 380-- 384, 388, 401,

229 - 237, 239, 242, 248 - 250,1

412,413252 - 256, 260, 262, 263, 265, 266,

（科研十四像> 233,234,241,242270 - 274, 276, 281, 283, 284, 287,

红旗渠 489 - 491290, 291, 294, 296, 299, 301, 306-

约翰逊 443,448 — 451308, 312, 319, 320, 325, 333 - 336,胡开明  37,40,189 --195

379, 380, 388, 389, 392- 395, 411,修正主义92，101，128，129,136,

413,417

张春橘 382,412—414,416 —418,205,245, 251, 252, 254, 256, 259-

501261, 264 - 266, 268, 269, 281 -

习仲动 41,248,278,279,284, 319,283, 287, 289--292, 295, 296, 298,

411299, 302, 304, 312-319, 324, 330,

「脱帽加冕」 226，235，238，239，332, 340, 342, 344 -346, 348, 354,358 -360, 363, 367, 371, 372, 374,

241 - 243

壹任制  65,179,181,190,192,193,375, 378, 383, 386, 387, 389-391,393 - 396, 402, 408, 410 — 412,

195, 198 - 203, 206415 - 417, 427, 434, 438, 440, 465,

陈伯逹 67,69,80,94,95,126,128,466, 471, 474, 475, 495, 496, 502--

167, 206 - 208, 273, 277, 284, 287,504,506, 507

299, 311, 318, 322, 324, 326, 344,

349, 394, 395, 404, 405,418十查

陈云 41,77,80,87,88,93,110,127,原子弹爆炸366,402,461,494

131, 148, 149, 153, 155 --167, 171,夏衍  229,389,391,473

196, 197, 204 - 206, 270, 271, 273,时代精神 382,390,482,487,488,

276, 283, 284, 306, 311, 396, 407,

408492 — 494, 497

陈毅 167,235—239,242,248,249,「桃园经验」 322 一 326,404《海瑞官》241,276,379,411 -

262, 263, 273, 281, 301, 320, 334,415,417,418

338, 357, 381, 382, 454班禅额尔德尼·确吉赞218

陶里亚蒂 340—342,345,348马利诺夫斯基337，368，369，371，

陶鲁筋145

陶鳞 53,80,125,207,236,273,381,

397鬼 377,380,381,384,385

399 - 403十一套

十二蓬国际共产主义运动57，132，179,

彭真 80,86 — 90,92 — 95, 126 -246, 255, 259, 264, 265, 297, 331,

128, 159, 167, 219, 221, 234, 248,332, 341, 342, 345, 347—350, 359,

253, 255, 264, 273, 284, 295 - 298,365, 396, 438, 498

302, 320, 325, 346, 350-352, 354,康生 128, 167,229, 266, 278,279,

361, 383--385, 387, 389, 396, 397,318, 320, 343, 344, 349, 351-353,

404 - 406, 410, 412, 415 — 418,

资奎隋级法权 101,413, 500—503,

431, 432彭德  58,66,77,86,87, 89, 96, 97,

505, 508

雷锋493,494113, 117, 119, 120, 123, 124, 135,147, 175, 190, 221 - 226, 269 —

十四查271, 276 -- 279, 284, 285, 292, 315,319, 390, 394, 405, 411, 414, 418,

套权 278,291,311—313,318,326,424, 435,437,478

327, 428曾希里 147,179－181,202,203

甄别 102,168,209-212,214,215,「减人」172,173

218, 226, 270, 279, 280越载 410,451—453,458,461,462,

蒙哥马利

28, 29, 32, 48, 152, 396464, 465, 471, 473, 475, 476

赫鲁晓夫

65,76, 96, 132, 136, 220,隋级门争 128,147,212,219,230,

223, 233, 245 — 256, 258 - 263,232, 243, 254, 258, 259, 267, 268,

266, 277, 281, 286, 291, 292, 297,271, 280, 282 - 287, 289 - 306,

314 - 317, 319, 320, 331, 332,308 - 314, 326, 328 - 330, 342,

335 - 339, 341, 344, 346 - 350,377, 378, 381, 386, 390, 398, 399,

353, 355 - 361, 363 - 373, 375,403, 407,415, 459, 462, 472-475,

394, 397, 406, 411, 420, 434-438,492, 497 - 499, 501, 503 - 508

447, 448, 457, 467, 468, 473, 475,1

冯志来 185, 186

502黄火青142, 144

赵紫阳144赵毅敏

339 -- 341, 343, 360

斌燕铭 379,389,391,473十三《月难：吴法回忆录》140,

十五套149

刘子厚 200, 292, 296, 309「伤筋动骨」 116,163,167,172,176,

刘少奇 29,32, 47, 48, 67 — 69,71 ~

209, 306, 308新循食 230,233,381

75, 77, 79 - 82, 87, 92, 94 - 97,杨木水

104-108, 110, 112, 115, 116, 118,

184, 185杨尚昆 71,78-81, 93, 95, 104, 116,

119, 123, 124, 126, 127, 130, 138 -

140, 143, 146, 147, 151 - 154,127, 138, 139, 159, 167, 197, 224,

158 — 161, 165  171, 175, 195 —270, 273,278, 320, 351, 432

198, 200, 202 - 205, 207, 208, 212,杨伟明

186

213, 219 - 221, 223 - 226, 234,杨献珍392 - 394

236, 245 - 247, 249, 259, 264, 270,叶飞142

邺小平  24,53, 55,56,66,68, 69,295, 301, 303, 305, 309, 310, 318-326, 345, 349, 353,354, 359, 362,

74 -77, 80, 88, 90, 92, 95, 114, 127,367, 371, 378, 385, 391, 395 -407,

138, 146, 147, 153, 158, 160, 167,409, 410, 414, 415, 417, 421, 422,

168, 176, 178, 198, 202-205, 211,425, 431, 432, 469, 472

212, 214, 218, 219, 234, 239, 246,《刘志丹》278,279,285,319

247, 252, 262- 264, 270, 271, 273,蒋介石 203,213,261,268,285,286,

281, 283, 284, 287, 290, 297, 302,319, 334, 410, 437, 441, 450, 470

303, 307, 320, 325, 338, 349- 354,调整 46,55,56,58,62,65,76,79,

358, 367, 371, 373, 374, 385, 391,92, 100, 101, 116, 147, 151 - 154,

396, 399, 401 -- 403, 406, 408, 410,156, 158, 161 - 163, 165 - 169,

415, 421, 422, 425, 431, 460, 466171, 172, 177, 183, 188, 204, 227,210, 212, 214, 215, 225 - 227, 230,

十六辈233, 234, 240, 241, 243, 246, 261,

线能 182 － 184,272262, 267,270, 271, 280, 284, 287-289, 305 - 308, 329, 357, 363, 381,

十七套382, 391, 404, 443, 452, 456, 458,

薄一波 66, 80, 84, 86, 95, 98, 166,459,463,468, 472, 473, 475, 482-

248, 271, 282, 284, 307, 308, 311,484, 486, 493, 502, 503

312, 320, 358, 398, 406, 477137,246,247,249,317,332,

336, 338, 339, 344, 346-349, 351,

十九童353, 355, 358 - 365, 367, 370,

罗瑞卿  117,119,140,149,166,167,

372 - 375, 441, 474鄂子恢  110,168,172,182,198 -

219, 268, 273, 334, 358, 377, 402,203, 206, 270, 274 - 276, 284, 291,

410, 417, 419 - 432, 470, 477, 485

描述：

