id: d262077582
标题：索引
日期：2008-0-0
是否是时间段：false
作者：卜伟华
来源：
标签：中央文革,二月逆流,文艺战线,革命大批判,文章
书籍：中华人民共和国史 第六卷 砸烂旧世界——文化大革命的动乱与浩劫（1966-1968）（中文大学2008年）
书籍作者：卜伟华著，中文大学2008年

正文：
索引二套

八届十二中全会118，436,725，730，

737,738.740,750, 780.787[七二0」事件 523,528,533—535

（-十-六像）  187,195-198.215,229539-543,569,620

246.275.278.280,293.304.307,七三布告653.695—697.701.706.

317,322,334.343,347,362,611,707.710-717.719.721, 722.776

674九大 119,430,431,437, 609, 634,

「三支两第」428,430.431,456.584，635. 637, 638. 650, 681.725, 730

640, 642、729737-740,745,746,758-763.768,771,773、777,778. 780-782,785,

三查788

三月京西宝馆36一38.64，123九属一中全会771

+

上L山下细 372.687,751-756.774「二月逆流」433,449,451,454,455

上海会 28-30,36.83，90478,479.505. 608, 615,627,654,

大串速 255-258.265.267-269.655, 669, 670,738,740--745, 764.

279.309.320.321.328.332,357,787.788

529（二月提细）7.51—53,58一62、69一

大批判  143,195.229,350,440,467-. 71, 80, 229

469,473.475-478, 510, 512.540,八届-十一中全食86，164，176,183，

543-545, 547,548.551,552. 555.185.186, 187,199, 203,204,218,219,229, 272,281.289.298, 326,

627, 667, 679, 680. 704. 735. 739,

785474.529.634.743.764730.754,774

692, 695.697, 698, 700, 704, 707,工交座缺食 320,323,324,326

717,734, 738, 746, 753 -775, 777,工作组 23, 24, 94, 113—116, 137 —

788140. 149- 172, 174-183, 185 -

「五一三」事件 500一502190, 192. 196, 204, 209, 214, 215,

五一六兵[ 504-510,616220-224, 240, 241, 253, 256, 259,

<五一六通知)62.68.79一82,87,272, 280 -284, 287,288, 290, 293,

97,103, 105, 116, 120, 132, 186,304, 307,333, 337-339, 363,434,

194, 195, 197, 229, 357, 478, 505,440, 471, 504, 546, 547,604, 736,

507,535,536, 611775

五七翰校 751.752

五月政治局壤大会31,60,62,66，四查

74, 82, 83, 86, 89, 91,93, 94, 102,

?中央工作食菱5,200,201,203,215,

103, 106, 113, 127,132,185,195,240, 249, 281, 287, 288, 294 --297,

199, 200, 281326

（六六趣令）

530, 615中央文革小组  113,上16-119,150,

{六厂二校」

766153, 161-163, 178, 179, 186, 187,

(公安六)

597-599198, 199, 201, 203. 205, 211,215.

「文攻武卫] 577,579,585,593218, 219,221 - 223, 226, 237, 264,

毛灌东 2-14,18 -·24,26-28,30--268, 272-274, 277, 279, 280. 291,

42, 45-49, 51 -55, 57-75, 79-292, 294, 305, 311-313,320-322,

84, 86, 87, 89--93. 95, 96, 98 - 100,328, 329, 335, 337 -342,344-348.

103 - 119. 121, 123 -- 125, 127, 129-350, 362, 363,365.366,368,374,

131, 137, 138, 140-143, 146-148,375, 379, 381, 382, 385 --389, 392,

150, 152- 155, 157, 165, 169-179,395, 396, 398,407,408, 410, 418 --

182, 183. 185 - 195, 197 --215,218.420, 427,433, 435,441, 442,444,

219, 222 -227,229, 232 -234, 236,447, 449-453, 455, 462,464, 470,

240, 242.248 -251,253—257,259,478--481.484, 486, 488, 493,496 -

261. 263 -265, 267,268, 271,272,499, 503, 504 -507, 511, 514, 515,

274 --289, 292, 294 -296, 298, 299,517,519, 527--530, 535, 539-541,

301, 302, 306 ~-310, 312,313, 315,547, 548, 550, 551, 554 -556, 564,

320-325,327-332. 334, 336, 337,568-570, 588, 592, 594, 596, 598,

339, 341, 343, 346, 347, 349-351,604, 607 -609, 611, 612, 614, 615,

353 -357, 361 -363, 365, 366, 368,617, 618, 624. 628, 630-634, 637.

372--376. 382—384, 388 -391,393,

伍案事件486,489.609413,415, 417,420-422,424, 426,

安亭事件 298,309,311,312,322429,431—435,437,439-453, 455,

朱德  52,89,90, 91,200, 351,367,457, 462-465. 467 -473, 475,

564, 738, 740. 741,743,745, 765,477 -482,485,487-489,494,496,

766,770,772499501, 504, 506, 507-509.

江臂 10-14, 20,21,40-52,58,62,511 -515,518-521,526,528-532,

67-69, 78, 84, 93, 112, 117- 119.534, 536-538, 540, 541, 544 -548,

172-174, 177-179, 194, 195, 205,551, 555, 556, 558-561, 563-566,

210, 215,217 219,220, 224, 240,571, 576. 577,581-583, 585, 588.

274,276,278,279,281,288, 306,590-600, 607-612,614,615,617

315-318,325,327.337,341.342,627,629 -639, 641, 642, 650, 653.

344, 345,348.350.351, 357.361,655—657.660, 662, 665, 669—671,

363-368, 374, 379, 383, 387, 393,673-676, 678, 680, 682, 685, 686,

395, 396, 435,438,440, 442-- 444,696 -- 705, 707 -710, 712, 714,715.

447. 448, 450. 453,462, 467 --470,718, 725, 726, 730, 731.734, 736,

480,485-488,497-499,502, 503.737,739, 740, 742, 744, 746-749.751, 752, 754, 757,759-765, 767-

505, 507,519,520, 529,535,536,

549,550, 555, 559, 564, 568, 569,

773, 775.777-780, 784毛泽东思想学曾班620,627，633，

575-577,593, 598, 608 -612, 615,

617, 632, 643, 645, 654, 655, 660,655, 656, 660, 662,663, 723, 776,

666, 669, 670, 673, 684, 699, 700),778,782,784

726,741,742. 746-749.759, 760.王]1,:13, 35, 58, 59, 69, 112, 113, 117,

769,770,772118, 179. 180, 195, 201,215, 264.273, 274, 277,287,288, 320, 322.

七326, 327,331,351,354. 357,379.

头法态 29, 121,122, 193, 500, 502,380, 383. 385,388, 395,442,447,

503, 540, 608, 609, 669, 671,741,448, 451, 453,462,463,467.480,

743, 761,769, 772,773498,504,509, 519, 520.523,531,

批判「瓷产臂级反路绿」 216,532-536, 539, 540. 542, 554, 555,

223, 228, 248, 253,271, 279, 281,: 564, 569-572.574.576, 579.

287,292,294, 296, 298, 320, 328,607 -613, 615, 617, 632, 653, 654.665

340,743

李作鹏  26,120,121,500,502,503,王大宽  274,399,454,504,556,658,

698, 700; 701

531, 340, 671, 769, 772, 773

326-333, 338, 341, 342, 361, 362,周恩来  4,12,13,18.19,29,30,36,

366, 368, 383 385,409,420, 434,38, 42,48, 52, 58, 60, 65, 68--70,

435,437,440-442,444, 445, 447,77. 82, 85, 90-92, 113 -116, 118,

451, 452, 464, 468, 469,472, 479,119,121,124,129, 150, 152, 153,

480, 485,486, 488, 501-503, 506.173. 175, 177, 181, 183, 187,189.

534-539, 542, 559, 576, 582,593,190. 192, 195, 198, 200, 201, 205,

594, 597, 598, 619, 651, 660, 669-210, 212, 214, 218, 226, 231, 232

672, 674, 697, 698. 705. 718, 719,234, 235, 243, 245,253, 256, 257,260,

731,740, 748,759-764, 766-768,266,272-280, 284,286,287-289,

770772291, 294, 300-302, 311, 319. 320,

林隧同志委江香同志召明的部隧323, 324, 326, 327,332, 344,345,

文艺工作座会纪要） 39，41-348, 353, 354, 356, 363-367, 369,

52,59373, 388, 393, 394, 399-401,405,

「武装左派」 576,577,593.596,625408,416,420-423,426, 428,429.

邱会作 430, 445,502,503,671,769,436,437,439, 442, 444, 447, 449--

772.773455,458,462,466,468,471,478-

青海「二二三」事件461-463482, 484 -490, 497, 501 - 508, 514-

九奎518,522,523,528—534,537-540,545, 546. 548, 549, 555, 558, 559,

前门嵌店食谦 102-105567,568, 572-574, 576.581-583,

姚文元 7,10.11,13,14,16-21,44,586, 590, 593.594, 597, 598, 608-

54, 62, 64, 66, 67,76, 78. 79. 94,611, 614. 616, 618, 639, 641, 642.

117, 119. 145, 215.273,276, 286,650, 657, 660, 666, 667 -671,674,

316. 348, 351, 357.370.372, 375.698. 699, 705, 707, 714, 715, 726

378 -382,448, 451,462,480, 508.730. 739. 743, 746--749,755、759,

509, 540, 583, 608, 609,615, 634.760. 764, 767.769, 770. 772.776-

636, 669, 670. 703, 759, 760, 761,782.784.785.789

769,772林彪 21 -34.36,38 -41,43,45-

（炮打司令部一一我的一张大字报）49. 51. 52,64. 75, 82 -92, 103. 106

190, 193 -195, 203, 205, 242, 281.107. 120 - 123, 125, 172 -175. 185,

282, 547.556187. 193. 195. 198- 203, 206. 222,

红衡兵 14,140--{45,147-[49,226, 249 -251. 262, 264, 274 -277,

167 - 172, 179, 203 -218, 220, 221,279.280, 284, 285, 291、306, 324,

223 -238, 240 -246, 249 -269,

徐向前92,200,302,326,332,366.289, 294—298, 301-304, 308 -

408,436,437-439, 442-445,448.311, 313,328, 329, 335, 337-349,

450, 453, 478, 518, 538-540, 542,357,363 -367,374, 376 378, 380,

543, 670, 738, 741-744, 764, 766.388, 391, 395, 396, 398, 399,402-

770.773404,407,417,419,421,422,424-

「破四蒋} 228—231,234,236-240,427,432. 434, 442, 454, 455, 457,

243, 245. 248 -250, 252 -- 254461,463, 464, 480, 481,483, 486,

「网私批修」  607，617一619.626,487,489-492, 494 -499,504, 505,

628, 629,631, 656,664, 764507,511,516,521,522,527,529, 545,550, 553,566, 567,573,576, 585.587.

十一握594, 596,618-620,623,627 --634,

康生  12,20,29,35,48,53,54,56,638, 656, 658-661, 663, 664, 685.

58,60, 62, 66-69,71,74-77.79,686, 688-690, 692, 706, 721, 726

80, 82,87,92, 93,117, 119, 126-744,749,752,753,755, 765,774, 775

130, 153,161,174. 175, 177, 178.军级上乾部食龄428,462,471,514.

194. 195. 200, 201, 203, 210, 212.611,719

215. 217 -219, 224,274, 276, 277.

423,426, 442,456-（军委八条命令）

279, 281,306, 316, 325, 337,342.458,460,493

361, 364, 366, 383, 386, 387, 447,（军委-十条命令）463,464,529,539

450, 452,453,462,471,472, 480,军委辨事组504,670,671、702,719,

481,483, 486, 487, 491, 497.498.738, 769, 773, 788

503, 505, 507, 511,530, 540, 549,革命委员食  157, 166, 169.176, 178,

550, 555, 559, 564, 566, 568, 583,180, 187. 190, 197,211, 228, 233,

608-612, 615, 635, 643,645, 646,236, 257,268. 269. 327, 373, 377.

654, 655, 666, 669, 670, 674, 699,382.386-388,390, 392,398,399,

715, 726, 741, 742, 746-750. 759,401, 405,407,414, 416,420-422.

767--769. 772. 784, 788426,429, 468,493, 494, 501,509.

张春糖 10,11,13,14,16-18,20,514-516, 521, 526, 528. 529, 582.

21, 42, 44 -46, 48, 51. 61, 62, 67,583, 595, 607,611, 614, 615, 622,

69, 74 -- 77, 117. 119. 194, 195,215,634, 638, 642, 650, 655, 658, 663,

216, 241, 273, 274, 276, 277, 279.674, 678, 680, 681, 684, 702. 704,

281, 292, 310-313. 315, 322, 325,712, 725-727, 730, 731, 734, 736,

348 - 350, 357,370, 372, 375- 382,737,739, 746, 751, 753.774, 778.

442, 448, 450, 451, 462, 480, 489,781,785609, 618, 619, 622, 634, 677, 743,

741, 742, 747—749, 759-762, 767745, 746, 749, 759-761, 769, 770,

769,772.782,784772,773

陈套 4,8,93,187,200, 203,487,城本禹  19,54,55,57.61,64,66-

564,738, 740, 741, 766, 77069, 76, 109, 112, 117, 194, 195,215-

陈毅  1,46,70,79, 88,90,92,121,217, 220, 225, 273, 274, 289,292.

1

175,185, 192, 276, 329, 332,333,327,331, 338, 339, 341, 357,362,

336-338, 356, 365,433, 444,448,

：363, 367, 368, 386.392,396, 397,

450, 451,453, 478, 479. 564, 567-399,448, 453,454, 462,467,470,

7

569, 571, 574, 654, 665 -668, 670,471.473-475,480, 481,486, 489,

738, 741 -746, 764-766, 770492, 493,498,503 -505, 509-511,

隆定—-  10, 12,29, 53, 56, 58,60, 64,

11546-550, 553 --556, 564, 565,568,

73, 75 -77, 79, 84, 87-89, 91, 92,569, 571, 607 -612, 632, 658-663

136, 186. 199, 212,474,476, 482「清理踏级隧伍」 509,643,650,653,

陶  64,92, 118, 121,138, 153, 157,671-682, 687, 689, 702, 719, 721,

175, 178, 188, 192,193, 195,198,739,740, 752.765, 766, 780

200, 208, 213, 219, 220, 226, 272,棘再道 529,531,532,539-542.

275. 276, 277,279, 280, 287,288,576,684

294, 298, 300, 303, 306,310, 311,陈伯建  19,35,44,45.48.51.68,

313, 320, 326, 359, 361 -365, 368,

169, 74, 77, 79, 82, 85, 88, 92, 112,

424, 448,452,468, 476, 505, 508,

[117- 119. 130, 150, 151, 153, 157.

509, 557.615, 669

1159, 163. 164, 174, 175, 177、180,

1

十二套187 - 189. 195, 200, 205, 210, 215,

口

1218, 219, 222, 256, 274,275, 277-

彭真  11—13,18-20,36-38、47,279, 281, 282, 289,291,292, 311,

148, 51, 53, 55 -62, 64-73, 75 --

1312, 316, 320, 322, 323, 325, 337,

1

80, 81, 83, 84, 87, 88, 91-95, 97,339. 340-342, 346, 353, 354, 357,

105, 109, 113, 117, 123, 126, 127,

1361, 364-366, 379, 380, 387,388,

130. 136, 161,178, 179, 186, 195,390, 393, 395,396, 435, 438, 442

199, 211-213,216, 290, 368, 398,444, 447,448, 450, 453, 462,471,

399, 450, 474, 476, 477, 481, 483,

■480, 485,497, 498, 502, 503, 505-

520, 550, $52507, 509 -511,514, 523, 548 -550,

彭德模 2,6-8,19,20,57,58,60,555 - 559, 564, 583, 590, 594, 608 -

76, 84, 90, 186, 253, 367,438, 476,612, 630, 631. 635, 636, 660, 666,

520, 540, 5501

744, 766, 770, 772、773「揪刘火线」 478,545一547,551一

555.557

十四1

（无产臂级文化大革命中的雨路线

期大富  163,166, 171,223,262,274,

281贺龙 22,23,30,31,46,88,121,122,

281,288, 346, 349, 350, 351,399,1

450, 454, 476, 492, 493, 497, 504,124, 125, 332, 368, 435, 437,439,

539, 542, 554, 556, 564, 658, 659,451,454, 550, 744

692-701, 705, 726黄永胖  485,608,609,668,669,671,

719. 741, 767,769, 772, 773

十五十三查

刘少奇  4-7,12,13,24,29,48. 58,

59, 65, 66, 70,74, 79, 81, 82,84, 88,{杨余傅事件」 653,668一670

93, 104, 121,135, 136, 149. 150,杨成武  38,43,88,114,115,122—

152, 153, 157,159, 162- 165, 170,125, 224, 225, 276, 366, 430, 436,

171, 173--175, 177. 182, 183, 186-444,453,480, 504, 509.518, 531,

189, 191, 192, 194, 200, 201, 205,534, 540, 581, 608, 610, 619, 622,

206, 242, 243, 272, 274, 275,278,634, 668 -670, 743

281 -283, 286-289, 299,315,316,杨尚昆  21,27,64,73,77,84,88,91 ~

327,341, 348-351,353,361,368,93, 112, 114, 136, 186. 199, 200,

450, 454, 467 -478, 480—482, 505,

435,476,520」

521,529, 545-551, 553 -557,565,

「群翠政」 576,577,596-598,1

598, 610, 611, 621, 634, 635, 638.600, 624, 625, 672, 673, 677,678,

669,684, 700, 725. 740, 741, 743,

705,722莱群 22-25,27-30,40,64,88,

746-750, 764, 768, 77211

刘志坠 38,40,41,43--48,51,【14,366, 442, 445,452,453, 470, 480,

117,175, 195, 224, 225, 279, 290,

501-503, 608, 609, 670, 671, 761,！

769,772

291, 337. 365--367,440,452

鄂小平 4-6,12,24,29--31,36,38.媒剑英  22,27,36,38, 70,92,113 -

47,52, 58, 63,69, 82, 104, 115, 121,115, 121,122, 124, 175, 188, 192,

126, 149, 150, 152. 153, 164, 170,200, 226, 251,279, 290, 291, 329,330, 332, 334 --338, 365,408,430,

171,175.181, 183. 186, 187, 192.436,437,439,443, 444, 447-450,

194, 195,200, 205. 243,272. 274.452, 459, 460, 462, 478, 480, 485,

281 -283, 286, 287, 289, 290, 299.，470,471,489, 505, 519,520, 521,

289.313、351,399.454,476.481529.550. 598.635.669.684.743

490,492,493.495,497.554,55

564, 658, 660, 663, 664, 690, 69十六麦

698,699,701,771幕葬 31,32,35,38、43,51.79,83.

若策球 31,88,121,200.408,43123,124,291,332,335,366,423,

444,448, 450,478,518,538,65430,435,438,439,441-443,453.

670, 738.741-743, 745, 764, 76470,480, 501-503,509, 608,743

770.773十七盘

十九童湖富治 114,118,192,195,200,215,

耀瑞卿 7,18,21-31,36-40,5216,224, 235,241,246, 276,315,

64, 72,73, 77-79. 83. 84, 87, 8347.348.393,397-399.429,452

90, 91, 93, 113, 120. 121, 123, 12454,470,477,478,480,483,494-

136, 186,199,476,540498,500,509.511,523,529.531-

解厚南 161,237,262,274,399,45533,535, 539, 540. 554- 558.572

476, 504.556, 596,613,614,658576. 579, 596.597.599, 608, 609,

660, 698, 700, 701614.625, 632, 643,655,657,658,

于叛徒·丙好、工城到少奇罪660-664, 669.674, 675, 689, 691,

的番查报告738，740.749698--701, 741.746.755. 760. 769.

胡  19.54-58,60,61,66-69.7772.773,782

94, 117,215,222, 262.273,27韩爱晶367.395,399,454,476.539

337.340,341.345,351、354,35548, 554,556. 564.658,659.698-

366, 383,385,441,442,448,45701,706

462,480,482,486,498,504,50

511,535,536.556, 564, 565, 56十八摄

569. 571. 607 -613, 615, 617, 63元样 125- 130,148,151.155,

653,654

描述：

