id: 994c078573
标题：索引
日期：2007-1-19
是否是时间段：false
作者：史云,李丹慧
来源：
标签：周恩来,贺龙,吴德,陈毅,毛泽东,林彪,批林批孔,上山下乡,反潮流,工业战线,文章
书籍：中华人民共和国史 第八卷 难以继续的“继续革命”（1972-1976）（中文大学2008年）
书籍作者：史云、李丹慧著，中文大学2008年

正文：
索引

「三株大毒草」 550,558一1

三个世界 79,127,130 一 138,153,一个小学生的来信和日记 75

156, 5511975年密法长422—427

三个突破 237,241,242,244,247,559,1975年整顿 366, 501, 526 — 528,

561, 563557,657

「三填指示」502,555

「三箭察婺！ 358,379,519,525二查

上山 下 绑 20, 46, 48, 54, 58, 62, 149,丁东477

253,289, 367,374,411,413,429,435,丁盛 321,323,537,708

437, 460, 463 ~ 472, 476, 479, 486 -人造地球衡星  248,538,569

488, 492, 496, 642八大军区司令员对调307,321一

于光 551,552324, 327

于伶193占亚366,367

于桑 315,317 —320,707

于鲁泳 220,353—355,370,405,406,三董

420, 442, 546,548,580《三上桃峰》事件353

千比414三木武夫 92,606,664,668

大平正芳 93 － 100,124「三五」 计十割 224,232 一 234,237,

小坂善太郎93

小靳庄十件新事  361,452238, 240, 247, 252,255, 259, 260,262,

工食  143,317,363,368,373, 396, 418,270, 274, 278, 281, 298, 459, 559, 562,

419,628,653,709563, 567

工艘兵学员 359，380,431,434,435,三线建毅 112.239,246,258 －276,

437,438,540,634278 - 280, 289, 563, 564

天安门事件 346,420,495,631,636,四查

641 - 645, 647, 658, 662《公开的情毒》484

孔子 72, 209, 307, 327, 329 - 340,《文汇报》事件624,625

342 - 347,365,378中日邦交正常化 92,93,98,105

孔L,丘  327, 343 - 345, 347, 617中日聊合聋明 93,95,99,102

孔丘其人327,343,345中央军委摘大会 535,536,538

孔石泉537中央蓄班  318,329,363,367,395,

少正卯 347,349,365543,550

尤兢　193中共十大172, 187,208, 216, 218 -

巴巴耶夫斯基475221,307,321,324,327,333,336,346,

巴桑414364,393,408,411,426

巴虚库[143, 147,151,153中共中央工作会羲209，246，265，

戈培尔641338,661

户县展民查

450,451中阿关係146, 150

手抄本小税

496, 498中美缓和1 111 - 115, 170

扎米亚金475中美联合公报80,89

文药政策调整546中曾根康弘 92

方强210「五七一工程】纪要13, 15 — 18, 25,

方毅407,419186, 188, 229, 335,381

方剑文  47,364,366五七韩校  21,159,289,317,341,433,

比兰德拉176461 - 464, 473, 475, 499

毛迪秋  414五二鑫明

157

毛雷尔164反右倾回潮

71, 73.77,395

毛速新 38,56,74-76,187,189,217,反经骏主义187, 219, 512, 513, 516-

284, 316, 327,328,333,357, 362,398,519, 521,523 - 525,582

406, 439,440, 501, 537, 538, 542, 551,反潮流  74 - 76, 216, 219,336. 348,

587- 589, 591 - 595, 610, 611,613,357 - 359, 362.,364, 365, 367, 376,

615,620 - 622,633,635, 636, 638 -

377,396, 443,470,543, 553,556反撃右倾翻案风 224,366,444,451,

640, 642, 644, 658, 660, 662, 663,685,

686, 688, 692, 693, 698, 699, 702, 703,453, 495,538, 543,546, 575, 581,583,

705586, 589,598, 601, 607,613, 621,623,

毛泽束 7 - 9, 12 一 18,24 - 32, 34 ~630, 632,637,641,642, 648,654, 656,

41, 43-46,48.49,51, 52, 54,56, 57,

680反霸孚 124,135

59, 61 - 64, 66, 68, 70  72, 74, 76.

王大宾4877, 79, 80, 82 -- 86, 93, 102 - 112,

王小腐

446114 - 116, 120 - 124, 126 - 139.

王六生

537, 692141 - 148, 150, 151, 153, 155 - 159,

王少庸

709,713164, 167 - 179, 181 - 189, 196 -

76

王文210, 212 -- 226, 231 — 234, 238, 241,

王平537243, 246, 249, 253, 255, 259 - 261,

王立山

629264, 268, 275, 280 - 282, 288 — 290,

王必成

309, 537292, 294, 295, 301, 303, 306, 307,

王丙乾

252313 - 315, 318, 319, 321 - 336, 338 —

王世泰

414342. 344 -346, 354, 356 - 358, 362,

王世敏

343367, 369, 371,373, 375, 377 - 385,

王世蕙

414387 - 395. 397, 398, 400 -410, 412,

王年一

387,660413,421.422、424, 425, 429, 430,

王安石

104, 346432 - 437,445, 449, 451,454—458,

王自正

309,310460 - 462, 464, 466, 469 - 472, 474,

王光美

353475,477,479 - 481, 483, 484,489,

王光

539501 - 515, 517 - $23, S25 — 527,

王芳320529,530,534, 537,538,542 - 544,

王作山

414546 -551, 553 — 555, 557, 562, 569,

王志民

707574, $75, 577 -- 596, 598 - 601, 603

王志政

309622, 625 — 627, 630, 631, 633 - 636,

王宏坤

537638 - 644, 647, 648, 650, 655 - 669,

王里岩

308 - 310672. 679 - 681, 683 — 685, 687, 689,

王治秋

414691 - 695, 704, 705, 707, 708, 710,

王秀珍

47,220. 414, 620. 691, 707-

711,713毛泽东批「四人萧」383,579

713王良恩

311 - 318. 321.323毛泽东逝世144, 153, 643, 657,665,

王希哲

57,58667, 669, 672, 680, 694

王克强

414毛澳军520

王明  36. 169, 175. 192. 193. 199, 334.牛成山

368, 369牛发和

414

385, 516, 517. 519, 602.618. 692

王若水牛汉

69 ~ 71499

王若飞王力

11151,198,315

王建安王子逹364一366

395王茂全

王稼样  30,197,210,220,394

414王茂湘

王醒  366

509王承香

王耀花414

497王知常

王截澜346, 690

189.196, 197,414王季花

64

五麦王秉璋

7王洪文  46,53,57,65, 131,150,168,

加馨474

北方地区藤业食离  281,285,286,289172. 174 - 176, 184, 187.188, 190,204 - 210, 212 — 214. 216 --- 221,

卡翁逵

131, 132, 178, 303

卡蓬尔299, 323 - 327, 329, 339, 340, 350,

144

古元451352, 354,355, 363 - 368, 370, 371,381, 389, 393. 395 — 403, 406 - 409,

古柏520

古纳瓦逹纳 474501. 516.518, 521, 524 - 526, 534,

司马羲·艾买提537535,538,543, 544, 582,601,606,608,610 — 612, 620 - 622, 627, 637, 658,

司马懿334

司逹476660. 662. 663, 665, 676,677, 680, 682,

史良414684, 686, 688, 691 - 693,696, 698,700 - 702, 705, 712, 713, 714

史保嘉495王效禹38, 608

史国衡343王海容

66, 171 - 175, 177. 188, 203,

台港间题 80 — 82,86 一 90,92,95,217,378、379.384, 402,406. 466, 502,

96, 98, 117, 123, 125 ~-127, 170, 178,321, 586, 587,591, 660. 662, 663

183, 662王涂昌

414

[四人常」  173,174,178, 184, 187, 190,王曼恬

64

192, 195 - 197, 220, 299, 316, 320, 329,王超柱

48

381, 383,389, 390, 399,401,408,418,王国权

91.92

420,421,427,444, 445, 451, 453, 497,王龚山

196

502, 511, 512, 515 - 519, $21 - 524,王景升

414

527,536,538, 540, 541, 543, 546--548,王朝文

343

550, 5S1, 553 - 555, 558, 57S, 579 —王道义

414

582, 585-589, 593, 595, 598, 601, 606,王新德

655

607, 609,621, 622, 624—627, 629, 630,王

220,420

642 - 644, 647, 648, 651, 655, 663,王丽

40, 415,417,440, 503, 530, 557,

666 - 679, 681 - 688, 690, 691,642, 673, 674, 678

693 - 699, 703 - 709, 711 - 715四三方案 115,257,292,296,301,569

申茂功47

申纪南「四五」计剂 229,237, 238,241, 243,

48白如冰

537245 -247, 250, 255 — 257, 261, 266,

白居易335270, 273, 274, 277 — 279, 281, 286,

白卷事件75433,440, 441, 459,466,503,528,

白迪·海山414

558 — 566, 570, 574四五蓬动622

「白洋淀蒜群】

492,493

白娶30四届全厨人大63,75,239,359,391一

白启娴

358, 359394, 397,399, 405, 409 - 411, 414 -

白智清

53416,419,423,470, 501,526,530, 540,

白斋葬

414546, 568, 573, 608

皮定均四个现代化 269, 410,412,415,513,

322, 537石少华

64, 65

539, 549,567,573, 575,631外交部（新情况》172, 184

石西民

346

石油工业  248,256,257,262,264,534,尼克松  79—89,91,93,103,104,111—

569113, 115 - 118, 120 - 123, 125, 126,

印红479138, 150, 154, 163,170, 179,294, 351,473,475,584,600,661

六尼克松访华79一82,93，112，113，

伍修权

414

115.117,118,150, 294.473布托659

仲曦东

174布湛丁

任子超

707

132布鲁斯124, 170, 171

任公伟

479

任思忠平息上海叛乱

323

707永乐中学事件357

任弼时

29

任毅　488－490玉泉山中央政治局蓄离418,686,

任愈331707,714

「全面事政」514甘英9甘祖昌414

全国知识青年上山下乡工作会田中角荣

90, 93 - 99, 101 - 105

470, 471田家英

全国计划俞藏 225,226,237 一 239，

509,510田维新

318

241,242,244,245,252,253,255,275,田馀

343

281,503, 528,553, 561, 567,574田晓青

全国后业学大会藏549,580495

116, 167, 170, 174 - 178, 185 - 190,列零 50, 69, 113, 122, 135, 187,207,

196 - 200, 203, 206, 211, 212, 217 -214,215,341, 392, 413, 422, 424, 444,

220, 263, 293, 295, 296, 299, 307, 312,473, 477,504, 505, 509 - 512,515,

313, 315, 316, 318,320, 323, 324,

522, 614  616, 665. 690, 710吉田茂91

327 - 329, 332 - 334, 336, 339 —吉拉斯

474, 484, 515

342, 344, 347 - 358, 360 - 362, 364 —向守志

366, 369 — 371, 377 - 390, 392, 394 ~

537向忠发207

408,417 - 420,442,443,445,448,合作医疗

452,453, 455,456,501,502,511,

225,445, 456 - 459地下文擎487,499

516 ~- 522,524 -- 526, 536, 539, 540,地下款害活动472

$46 - 549, 580 - 583, 585, 587 -地方五小工业569

589, 591 - 593, 595, 598, 601, 606.安东尼奥尼  350,351

611, 619 - 622, 624, 630, 631, 633,安定结  219,223,377,409,502,503,

635, 638, 641,643. 644, 658 - 660,

662, 663, 669, 671, 673, 676 - 682,520, 527,$43,550, 551,555,556,601,

685, 686, 691- 693, 698 - 700, 702,

608, 614托洛茨基

703, 705, 713, 71421, 474, 476,690

江华 210,415托闭斯泰

476曲折463

江海鞍47朴春子414

江渭清

210, 537

江泽民朱永嘉

279

207, 208, 346, 690, 709,713朱良才

江银

414

414朱克家

牟乃川702414

1

竹人获胜 93朱栋400

考教授事件朱德30, 34,158,218, 388, 391,405,

76, 379艾什瓦带雅

176411,414,415, 520, 548, 575,582,588,

艾尔索普

114606, 625,639, 647, 664

西沙之戟朱熹346

448

西哈努克朱鸿馍

29, 42, 154 - 15939,47

西哈莫尼朱勒

159

25,478江-真30江青 7, 13 - 15, 19, 28, 29, 33 - 35. 七登

「社来社去」 362,439,440,54237 -- 39, 41 -- 44, 48, 49, 51, 53. 57,

社陈工菜 262,288 一 29262 - 66, 68 - 72, 76, 77. 111, 115,

吴烈674佛朗哥

630

吴健雄

497何芳川

343

吴桂餐

49, 218, 220, 415, 417, 418,何长工

30何体 42

420, 471, 515, 519, 530,653,677,683,

704, 712何辉燕

264

吴树

414

497何泽慧

吴隋平

220, 221佐藤荣作 91

吴富善

674余立金

537

吴毅

509余秋里

63, 69, 119, 233, 241, 243, 256,

吴广

629260, 254,294, 415, 417,419, 460, 503,

吴德

64, 206, 210. 218, 220, 313, 315,530

340, 351, 375,405, 408, 414, 501, 518,克尤木·翼提尼牙孜414

523,585, 592,598, 632, 633,636头小

343

638, 640, 642, 653, 664, 667, 669, 670,吴玉英

414

673 - 677, 682, 693, 695. 697, 698,吴玉章

42

701,704, 706, 707,712吴成志

193, 195

吴德蜂

414吴旭君

26,661

头耀宗

414吴印威

64, 65

吕正操

414.537吴有训

414, 497

吕玉兰

48,406,414吴仲超

189, 194 - 196

吕美英

414吴先锋

414

宋立英

48吴同簧

343

宋永毅

474,476吴冷西

30, 414, 506, 509,510, 551

宋柏年

343吴克华

537

宋振鼎

193 - 195吴忠 315, 636 - 638, 656, 674, 675,

宋时输

537,674687,697, 698, 701

宋魔龄

29,405、414吴承清

414

希思124吴述森

480

223. 502, 503.

把国民经济摘上去吴逑樟

480

527, 530, 543, 550.551,555, 556吴法惠

7. 12, 13, 39, 113, 115, 167,

批判「三字经」360211, 249 - 251, 274, 276, 320, 324,

批林批孔 56,77,219,223,224,307,

328, 392,421吴起349

328, 329, 336, 338 - 342, 347 - 350,

354, 355. 357, 360 - 383, 395. 397.吴冠中449

419, 455, 471, 501 - 503, 523, 532,398. 400. 407, 439, 448, 450 — 452,

545, 552, 591, 592, 594, 608, 613, 615,480, 495.511, 518, 519, 521, 523 -

632, 653, 654, 666, 667, 670 - 675,525, 527 - 529,532, 536.538. 539,

677,695, 704, 708, 7115+3, 555.593. 602, 632, 657

李志民批林整属 8.23,32,33.37,49,68,72,

537李克如

30209, 210, 215, 316, 317, 328, 336 —

李君旭

626338,340, 365,512.522.580

李延录批左遥是极右¥70

414

李良模弧革命促生产376

467李一夫

李作鹏7, 13, 27, 39, 113. 167,211,

30李一氓

30

212, 249, 250, 274, 328, 392, 421

李昌 539,553,595李一哲大宇报58李力群

李宗仁34

498

李卓然李大章

537

30李天佑

李金荣28

414

李金德李井泉

394

210,220.262,414, 595李水清

李苦禅419

356李仁案

李春光709

548

李政道李民

654

438李白

李秋墓

481332.448、449

李班李立三

36. 175,618

120

李李正天

57

349

李素文李四光

65

48, 396, 406, 414, 418,419,李玉林

653

613李世英

48

李时珍

418李世荣

414

李国堂

400, 401李可染

李家宽355

343,344李自成

李连座548,549

702李再含

李强38

419

李敏李成芳

210,420

386,588

李彬山李光念

8. 10, 29, 63,69, 153, 155. 186,

709

李伟信218, 243, 256. 264, 294, 295, 298, 300.

18, 19

李雪峰305. 306. 354, 368, 373 - 375. 390,

7, 212,313

李斯 331,349G99.401,403.405 - 407,415.416,

沙马力汗李琪

414509

沙莱李瑛

139, 334

446李富春

沈平

352

29, 63, 226, 234, 259, 260, 566李葆华

汪东翼

13, 15, 29,42, 167, 174, 187,

210, 220李

414

190, 199, 200, 202, 204, 218, 220, 221,李瑞山

418, 537

312, 313, 354, 470, 502, 535, 579,李瑞壤

48

591 - 593, 602, 604, 607, 611, 635,李瓜兰

414

643, 644, 660, 662, 663, 666, 669,李聚奎

414

671 - 673, 675, 677, 679, 682, 683,李除泰

419

686, 692, 696, 698 - 700, 703, 704,李德   169

707, 708, 712李德生10, 15, 29, 32,42,53, 63, 150,

汪洋

420210, 212, 213,218,220,307,321, 323,

汪家道

369326 - 328, 345, 370, 371, 379, 387,

汪湘君

47392, $37,606, 674, 687,688

128

沃萧夫·菲利普李麓

44, 315, 317 - 320

狄更斯

476李演银

700

狄福才

64, 65李树慈

190, 191

谷牧

415, 417,419,460,503, 530,532.李座森

414, 466, 469, 470

533, 685李鸿章

346, 347

具克特

474李学紫

446

贝时璋

414李梦江

445

赤脚医生

225, 413, 457 - 459, 465李耀东

471

车尔尼雪夫斯基476李鑫

316, 551, 666, 671, 672, 696

辛温

465杜平

323

邢卓

76杜布切克

143, 144

邢燕子

48,463杜米

147

那拉氏

630杜甫

448, 449

阮文绍

120 - 122, 162杜林

477, 547

阮氏萍

121, 161杜叠门

474

阮友静

176沙千里

414

阮章镜

446沙夫

474

阮进沙白

118446

阮维植沙风

122419

周恩来去世 600,604,607,625八蚤

周恩来在各个领域恢复政策 38{雨个基本估计」 187,429,431，433,

[周恩来缚理终遗言」 625540, 542

周华康457卓琳188

周家愁

621周-良

334,343,345

周海婴

548周世剑

54, 367,414

周纯麟

707 - 709, 712周助纲

11

周启才

666,707,716周宏宝

217, 220, 397

周培源

66, 77周建人

414

周扬 191—193,484,547周长庚

290

周瑞文449周长黄

486

周福兰周叔

414

452

周荣鑫周秉德

406, 420, 440, 540-543, 595,

169周恩来 7 — 16,26 — 30, 32 - 45, 50,

598 - 600, 616, 656, 657

周慧芬41452, 53, 57, 61 - 72, 77, 79 - 89,

周  309,53791 - 103, 107, 109 - 121, 123, 125,

周锡林  414127, 131 - 133, 138, 139, 144, 14S,

奈温

145150, 151, 153, 155 --- 157, 159 - 164,

孟予

337168 - 189, 195 - 197, 202, 203, 207,

季方

414209 - 221, 224, 231, 233, 234, 237 —

岩帅

414239, 241, 243 -- 246, 249, 251, 254,

岳重 493,495256. 259, 264, 265, 275. 280 - 283,285, 293 - 300, 303, 306. 307, 309,

帕奇米拉148312 — 320, 325 — 327, 332, 334 -

拉扎克

145,146

拉赫曼337,340, 342, 344, 345,349,351.354,

138. 139

林立果355, 360, 371 - 373, 378 - 388, 390 —

14, 16, 17, 186, 250, 327,687

林巧稚395, 397 - 412, 414 - 417.431, 432,

414

林庚343438 - 440, 453 - 456, 459, 462, 470,

林莽

495471,481,482,497,502,504,513.

林彪 7 — 18, 20, 22 - 39, 44, 45, 48 —516 - 519,521,522, 525,526, 528,532.539,541,544,548,559,561,

51,53,54,57 - 60, 62, 64, 66 -567 - 569, 575, 580 - 582, 585,

72, 79, 111 - 116, 138, 147, 167 —587 - 589,600 - 609,611,622 —

169, 175, 185 - 189, 196 - 202, 204,631,647,648, 656, 692,693

206, 209 - 212, 214 ~ 216, 218 —知青文学

488, 496, 499220, 224, 227, 229,239, 241 - 244,

知识青年

48, 50, 73,74, 143, 253, 289,249 - 252, 263, 265, 274, 282, 283,289, 301, 307 - 310,313  318, 320 -

291, 358.367,374,413.435,446,461,329,333 -342, 345 - 348, 364, 366,

463 — 468, 470 - 473, 476 - 483,370,372, 375,377, 380, 381, 387, 392

486 -- 489. 496, 642

邱会作  7,13,113.167,211,212,249,395, 398, 399, 421, 422, 442,445,472,477,497,501,504, 510, 512,514, 520,

250, 274,328

金日成517523, 525,528, 534, 547, 555,562,582,

金冲及

660584, 587,602, 608, 610, 614, 618, 624,

金秀清

414

669, 687, 691, 694, 711林彪事件 7—15,17,37,39,45,49一

金祖敏

47.220. 396,414, 697, 698.

70951,53,54, 62,66,70,79,114,138,

金训华147, 167 - 169,175,200, 206, 209,

414,464210, 224,252,281,294, 307,309, 313,

金灿然191

阿沛·阿旺晋美414314, 317,322, 326,329,334, 335, 364,

阿利雅  154,606366,372,377,393,394,398,445,472,

阿爵巴尼亚112,113.142.143,146

497, 501, 528,534, 584, 587,687《林彪与孔孟之道》333，339.340，

- 154, 303, 305, 306, 444. 598, 606

洗恒汉537

342,370林   30

洗星海548.549

{放火烧荒」370林福生

193, 195

长沙告状399林魔辐

414林滋  30,509

九登松村三

91,92武元甲

「思想文革！连动146 - 148

114武则天

【思想村落」620

478, 479,486武健华

【思想通讯】484669, 671, 692, 696, 699-702,

侯售48.414.463

707武新宇414

侯暨林

394武衡539

保利茂92

俞英356波尔布特

145, 154 - 156, 159, 504,

俞薇峰414

505,510况浩文496,498

勃列日涅夫

110,180

南萍364（知青之歌》489

洛克菲勒296哈耶克

474

洛德83,180哈特林

502, 503

科技整顿538哈附套社食主羲大集」284

纪宇446姚士昌

414

纪和富¥700姚文元

15, 66 -71, 76, 115. 150, 170,

纪登奎

10, 11, 14 - 16, 29, 42, 63,174, 176, 185, 187. 190, 199, 213,

176, 202,210, 218, 220, 281, 294, 307,218 - 220, 316, 328, 333,336. 342,346, 349, 350. 353 - 356, 381, 384,

317,326,354,366,368,373,375,383,386,387.392.400,401,403,408,

392,403,415,416, 501,524,530,538,

543 - 545, 585, 594, 596, 602, 608,430 - 432,436, 442.454, 455,457,461,497,501,511,512,517,518, 521,

613, 653, 654, 666, 674 - 677, 682.546, 579, 581, 589, 613, 620 - 625,

689,704,706,712

约塞148627, 631 — 634, 636, 637, 641 — 643,

约翰逛180655, 658.660, 662, 663, 666,676, 677,

美激部亮吉

92680. 682 — 685, 687 — 690, 692, 693,

胡子昂

414698, 701,702.704, 705, 713,714

胡守均姚依林

476678

胡旭束姚连蔚

26396, 406,414.418,419.516

胡良才姚雪垠

47

548.549彦涵356

胡志明

154, 164, 165

胡勇姜世493

47, 367,368恰科147

胡属192

胡质文414恢部小平工作41

胡木 540,547一549,551 ～553,施尚英709春水  119,120

555,557,583,586,590, 595,619,656,柬辅寨民族统一陈线

679155, 159

胡418柯切托夫475

胡愈之  54,414柯西金

109

胡荣156柯壁施

505,506

胡适334,547查尔查尼

153

胡续律555

347柳下跖

胡细  414,551,661柳宗元

332,333

胡耀邦 316.465,482,497,539,540,段正翼

52洪秀全

542, 553, 554, 590, 595, 656347,629哥穆荫卡

144范子瑜

420, 654

埃切维里亚

458范文同

27, 114, 116, 155, 161, 163

埃亚德马

328范长江

30

双伊勒

474范逹人

342, 343, 345

双邦银

47,220范硕3387, 669, 670, 674

夏衍

191茅以升414

夏菊花

48, 414英·荫利

158

夏琦

365, 378, 544计制生育

459.460

姬膀飞

16, 80, 81, 89, 93 - 95, 98 -军事工业

239,241,248 - 250,252,

100, 102, 103, 123. 124, 174,405,414,257,260, 266, 268, 277, 562, 563

415军隧整顿

534, 535

孙一先

9

159, 187, 223,限制资産级法罐

孙中山

46, 330, 332, 385412, 505, 510, 513,516, 550

孙平化

93幸国清218,414, 537,606

孙立哲

465风度轮事件

299,399

孙玉国

396, 414, 686 -- 688修改黛章

209,213,216, 217,422

孙武成

360[红都女皇」378, 383

孙健

396, 415,417,418, 530「按既定方针辨」 669,679一685

孙醐龙

684十董

孙催

487孙权

104「核保护伞」计勤

179, 183

徐今强

420

486, 487[流氓] 思潮

徐向前

29, 45, 112, 186,398, 414, 535,倪志福

218, 366, 636, 676, 677, 682,

674704.716

徐君萱

449唐山大地震

224, 575, 647.651, 655,

徐其孝

264656

徐明清

197唐克碧

414

徐浩渤

479唐歧山

657

徐景贤

220, 346,360,620, 691,唐忠富

47.367,368唐亮

707 -- 709, 711 - 713537

徐学惠

48唐纳 37

徐

480唐开生

66, 171 - 174, 182, 188, 203,

徐懋庸

192378, 379,402, 406, 502, 521,586, 587

恩亚立

76哥达477,507

马力 105,236,254,414,654恩格斯

207, 473,477, 509,511,547, 616

马小六香桂香

634

414晁错

马天水41, 46, 208, 360, 389, 400, 620,

349朗诺

155 - 158

624, 691, 707 - 709, 711 - 713

马立克核潜艇

140

248, 268, 269, 498, 538, 569栗士征

马吉蜂493

191柴沫   30

马克思

11, 35, 50, 59, 67,69, 71, 108,柴启琨

365

113, 135, 145, 151, 167, 187, 207,214,格瓦拉

475

215, 330, 336, 339, 341, 347, 355,360,般诚忠

414

392, 413, 422,424, 443,454, 473,474,海瑞

185, 187,335,336, 344, 346, 623

477, 480, 484, 505, 507 - 509, 511,浩亮

64, 406, 414

512, 515, 519, 522, 541, 554 — 556,浩然447,448

579, 604, 613,615,617, 624, 625, 665,岛兰夫 210,220, 414,654,674

666, 681, 690, 710, 714

马佳495班逹拉奈克31,606祝家耀 217,220,319,396,676,709

马恒昌414祝诚350

马振扶中学事件352,379秦基伟 210,220,538

马纯古

414粉碎「四人第」 178,190,192,195,

马海德

44

马振龙196, 316, 320, 329, 389, 390, 399,418,

710

马率 340,369,537445,451,453,497,527,575, 582, 643,

马齐彬647,648, 651, 655, 663, 668, 669,

660

马尔登672 - 674, 676, 679, 682, 688, 694,

658, 680

马尔琴柯695, 698, 705, 707, 708, 711, 714, 715

109翁森鹤 47,364, 365, 366, 543

辉

654索维  128,132,474

马晓先

669, 703索尔仁尼琴474

马踢金

702纳吉 635,645

马学橙

414

高岛 95,97,102耿景洪

465耿

离振忠56

159, 306, 707茹夫-275

高岗

10.34, 175, 224, 618荀沉349

高霉江

700

高梁384袁隆平

61郝建秀48

逢先知

660

张平化十一登

367,383, 537张永生

39, 364 - 366, 543区棠亮414

张永枚

448商铁 331,345,349

张玉勒

352国务院文1化组  63,64,340,347,351,

张玉瓯

26,171, 173, 184. 189,377,353.354, 356, 405,443,444,450,451,

378,518,551,578.579,587.603 -455

605,608, 610, 635,636, 638, 658,659,国务院科教组 65,66,72.73,77,336,

661, 691, 692337, 349, 357, 360 — 362,435 — 440

张再170国务院粪务组 62,63,203,249,611

张池明

537基辛格 79-81,83—89,113,116—

张西挺

38118,122, 123,125,126,135,138, 150,

张佐良

26, 176, 220. 222161, 170, 173 - 176, 178 - 184, 475,

张抗抗

446524, 584, 668

张廷发

537.674婧女代表大食 47

张志新

54 - 57尉凰英 48

张孝斋

457屠格涅夫476

张延成

414屠德雍S1

张宜爱

709崔海龙

414

张宗逊

537.654崔万秋

190, 191, 193

张勇

465康生 12, 15,37 一 39,64, 156, 167,

张茜

28.29185,188,189,196,212,213,218,222,

张厚 367.368312,316, 337,347,392, 393,400, 408,

张劲夫

420414, 418, 421, 602

张建中

495康世恩

256, 264, 420

张洪池

414康克清

384, 414,674

张春橘康泰

12 - 15, 29. 30, 41, 42, 66 -498

73, 115, 155, 166 -169, 172. 174, 175.康灌497

184 - 197, 199, 204 — 206, 208, 210).张才千

654张天民

212 - 214. 217, 220 - 222, 244, 245.

548张木生

313, 314, 316, 323, 324. 326, 328, 331.

480 - 482, 484张文裕

497

333, 346, 350, 353, 355 - 357, 371,张友渔

427

372, 381, 383, 387, 392, 393, 400, 401.张世忠

47.396,414,634

403, 405. 407 - 409, 411. 415 -- 418.张世英343

421 — 423. 431,432, 436, 445, 454,

曹轶默 414456, 489, 497, 501, 505 - 514, 517,

曹操207, 332, 616518, 521, 522, 524, 535, 537, 538, 540,

曹锦清

292546. 553, 582, 594, 595, 598,599, 606-

梁必业

414, 674608. 610 - 612, 620 - 622, 624, 626 -

梁吉泉

414628, 632. 636, 637, 640, 642, 644, 658,

「梁效」

327,338,342-346,348,349,660, 662, 663, 665, 667, 676, 677, 679681. 684 - 692, 696, 698, 700 - 703,

599, 681 - 683, 699梁漱溟

46,347,348706. 707,709, 710, 715,716

梁兴初张秋橘

7687,697

梅斯梅尔张桂珍

414

124

梅罗148张国尧

471

现代主义诗人492张国清

414张国景

{第十一次路线网争」

175

36.618, 668张扬496 - 498

《第二次握手》

496 - 498

第三世界124, 128, 131 — 140, 144,强云生

12张鼎丞

414

148, 302 - 304, 413

符甯156张越男

451张达志

组阁之争392414.537

莫文驿张闻天

53753.195,202,334.394

莫艾张福财

414

684, 685

莫尼克张爱萍

537 - 539,656

159张颖 384 一 386,388 - 390

庄希泉

414张霖之

庄则楝621

397, 420,525张树迎

169

许世发

175,206,212, 218,255,307,张锡媛

204

312 - 316, 321, 323 — 325, 364,张耀祠

669, 696, 699, 700, 703 -- 705

377,382,537, 606, 626, 628, 667,张宝瑞

496,498

672, 688许存黄

414张生

73,77, 414, 686

许家屯

264张扬

708

许诚戚本禹

187,198

654

许肇昌接班人间题

167,168,206,658

47

许漱新教育整顿

540.542.543

30曹获秋185

许德珩

414曹爽334

郭小川

499

陈海涵郭化若

26430

陈康   310郭玉峰

315,318,323,351,395-397,

陈造反

47, 368, 369654

陈绍昆郭宏

419, 420, 533,62047

陈野萍

366郭沫若

29, 332, 333, 342, 414, 416,

陈淑清

414448, 715

陈伟逹

365郭林祥

537

陈望道郭映播

414

414郭超396

陈胜

629

陈雾郭路生

30, 37, 40, 111, 218,255, 259,

492,499郭嘉207

297, 306, 414, 501, 586, 674, 677郭德洁

679498

陈逸松414陈一阳

57

陈毅陈小寇

13,27 - 29, 31, 63, 112. 186,

481陈元678

324,603, 629

陈毅追悼会29陈正人

42

陈度璋陈玉娘

191414

陈独秀陈永素

36, 175, 334, 618218, 222, 280, 354, 356, 415,

陈励耘

206,364,375417,501, 515, 519,549, 653, 654,

陈踢联

56,218,321,375,398, 403,

674 - 677,704, 716陈不强

407,415,416, 501, 523, 525, 532, 535,

30陈此生

538, 593, 612, 637, 639414

陈鹅旖陈先瑞

537537

陵孝彭陈再道

6140,395

隆定一陈伯达

1857, 12、17,23, 27,31, 33,34, 64,

陶利

35668, 155, 185 - 187, 190, 199 - 201,

陶勇

308211,214, 239, 241,257,312 - 314,

陶崎岳

414318, 320,348,383,392,477,481, 507,

陶鲁筋

210, 537509, 510,624

陶陈亚丁

370

186, 199, 383, 694陈阿大

章太炎47, 414, 710

333

章伯森陈长江

26

367,368

章含之陈奇涵

414

66, 174, 189, 402, 587,588,陈香梅

390

659

·十二套

曾思玉

537

箔山「割资本主羲尾巴」 148,284,285

537

曾密九457「无棕题」音乐事件354傅玉芳

朝阳展学院经验362414

椎名悦三郎95傅秋漉

414傅崇碧

汤一介674

343傅斯年

程世清334

7凯莱奇

程振整147

670博古 11,169

童小腾

394

童第周乔冠华 89, 118, 122, 125,140, 150,

414

粟裕157,174, 175, 182, 184, 189, $88,681

63, 398, 414, 535, 537, 674

舒同斋森潘

156, 158, 159*

30寒春

舒曼44

114彭冲

华林森47

537.708, 711, 713,714彭嗣

蕃国锋495

10, 63, 77, 174, 190, 206, 210,彭华

352

218, 290, 294, 318, 319, 326, 354, 357,彭真

185, 259, 321, 336, 427,509

368, 369,374, 375, 377,399, 415, 416,彭绍耀

419, 427,501, 527, 530, 553,575, 581,

414彭德

10, 15, 61, 107, 175, 199, 262,

582, 594, 600, 607, 610 - 613,619.-347, 481,511,512, 520, 522, 582,618

621, 626, 633, 634, 637 - 641, 644,惠特拉姆

297

647, 654, 658 - 660, 662 — 670, 672惠特曼492

677, 679 — 682, 685, 686, 689, 693 -援越抗美563

708. 710 -- 713, 715斯大林 14,199,207,444,472,474,

华银凤

47475,479, 481, 509, 513, 614, 690

华罗庚

414斯特朗

129, 130, 474, 475

莱尔德179斯诺

86. 109,231, 334, 384, 462

《水浒>

577, 580, 581景林368

费孝通

291景儒林309

贺子珍

385, 386曾山42

贺捷生

547曾生

415

贺敬之

497曾志415

贺诚   30曾希圣210

贺春364, 366, 543曾卓499

贺龙 30,39,40, 199, 547, 621,694贺龙平反

30

十三越南戟争

88, 107, 114, 116, 117, 120-

塞克

176122, 140, 155, 166,243, 306

塞拉西

25开门瓣学

361,436, 437

塞林格

475阳阜

44

爱偷堡

474.475雅勒

129

楚国南

54雄飞

193

杨力142玺南沙甸事件

650

锡大易

367.368英385

杨天成

352冯天瑜

617

杨成武

27, 30. 64, 153, 398. 399. 403.冯友兰

330, 331, 343,617

404.674冯牧

497

杨克明

343冯国柱

709

杨佩莲

414冯雪峰

192, 195, 196

杨东莼

54.414黄永玉

356

杨坡兰

406, 414黄永胜

7, 13, 39, 113, 167, 211, 249,

杨勇

27.28,220.537, 675250, 274,310, 366, 398

杨俊生

654黄玉昆

654

杨健494黄作勤

414

杨振事

66, 350. 351黄克诚

107,398

杨得志

38. 307,313 - 316. 321.323.黄金海

710

325. 326, 537, 692黄帅

75,76

杨开瑟

629, 630黄霄

355

杨绛

499黄厚民

杨费64.65

319, 676黄华

121, 138, 152, 174

杨富珍

48黄家驷

457

扬炼

495黄砚田

杨瑞471

483黄新廷

537

杨新亚

709黄维46

杨

495黄欧束56

杨荣国

331. 333, 336, 337.339. 414.黄漓

713

617黄镇

124, 125, 183

杨德中

66黑格

81 - 83, 117、 183

万里

64, 530, 531, 656「黑查]展竟355

万佳红

396万海峰654

意业学大寨280,281,283, 549, 580万晓塘   509

逹离文477

雷锋  58,346,536经济管理体制大爱革224叶文珊379

电影《中国》事件350, 379华446

部吉成  669,700,707,708莱晶明47,710

筝夏「共产主羲自修大学」479飞

哮志高30. 420, 496

210, 537, 657挺11

廖承志

103, 220, 415冀海亚·汗138

廖祖康

709, 710, 712集群  7,14.39,48,113,211,249.313,

廖汉生

27,28, 537,708

荣毅仁315,324,328,338.339

394, 414菜刘英 8,13,27 -29.31,42,45,53,

熊曼宜

480

熊复55161. 80, 88, 112, 173  177, 179, 182.

熊应堂364, 375186,204, 212.213,218, 221,222, 321,

福克340, 378, 390, 394.398,399,416, 419,

144

福特448.455,501,518,521, 523,526.535,

125 - 127, 668536.538.548, 568,585.586,601,606,

十四燕612.613. 625, 632, 643, 658, 661, 663-

维特克677. 685. 686. 694 - 701, 703 - 709,

383 - 390712.714

威克家

446

索荫董天慎

414

180, 182

蜜努蛮必武

218,405,414

158, 159董加耕

赫胥黎477

414.463黛其武

赫·鑫晓夫414

107,161, 185,474, 481,601,解力夫

415,685

627, 629, 695, 710解放乾部42

赵一凡

479,480

赵文麓《解放军报》姜相停刊事件371

353

赵匡鼠解学恭

322313.654

赵兵359贺一民

265

赵辛初贸小山

537471

赵忠龚

414冀平凹

446

赵纪彬

331, 347霞克

353

赵俊质349

414

赵紫阳路易斯

108.129,133,134,474,475

266, 370, 537, 549刘华清

280赵事桃

417

刘殷

349赵著璧

309

刘章

207, 446齐瓦尼约利

476

刘斐

414大富

48,617,618

刘湘屏

318, 420十五蓬

刘结挺

38刘景箍

30「过溅」

280,281, 283, 549

刘

487「靠山·分散、隧蔽]

263,273,281

刘魔棠刘大年

64, 74, 75, 355,406, 546, 580414

刘肾权

64刘大杰

405

刘晓

196刘子厚

653, 654

刘舆元

323, 537刘仁9

刘写昌

47刘少奇

14, 24, 27, 29,33, 40, 51, 52,

刘丰

318, 32061,77, 168, 175, 185, 197-202, 204,

刘药

509214, 219,225,259, 262, 330, 331, 334,

德钦巴登顶，145336, 337, 347,353 - 355,391, 481,

德热拉斯

476, 477513, 525,582, 593, 602, 608, 610, 614,

样板戏48,64, 74, 185,349,356,364,615,618, 669, 694

373, 388, 405, 413, 442 — 446, 448,刘文趣

414刘西克

451 - 453,456, 54665, 419, 683

樊崇

207刘光涛

38

樊德玲

415刘邦

349, 616

潘婧

475刘伯承

29, 202, 218, 414, 535, 677

潘国平

48刘志华

291

潘复生

38刘志坚

537

滕代速刘恒349

40, 398滕和松

700刘建章

32

蒋子龙

446刘建动

537

蒋介石

80, 87, 90, 91,95, 97, 101, 102,刘青峰

484

297, 348, 505, 660, 661刘盆子

205, 207, 208, 608

蔡文林

56刘春华

449

蔡立整

463刘炳华

265

蔡顺礼

309刘格平

38

蔡畅刘轩亭

414325

鲁燕生¥495蔡橘梅415

鲁楚芹

495蓬皮杜

65,124

黎清毅8惠芬

414

黎 114,157,161,163,165,581绑希文

654

黎德  120 一 122郑维山

7郑膀天

449

十六聋郑力群

642,656鄂小平   27,29,30,38,41,42, 53, 61,

《载地新歌》

451

【儒法门争」：34870,110, 125 -127,132,133, 141, 145,

离政349152, 159,160, 163,166, 168, 184, 185,

学督无产臂级事政理输477,502,188, 189, 197 - 204, 213, 219, 222,224,234, 259, 260, 262, 290, 306, 321,

503, 511, 517,550, 597

整团46, 583328,340,346, 354,355,374,383,395,

整燕397, 398, 400 - 407, 409,412, 415 -

73, 394, 543, 544 - 546, 548

罐木417,427,440,444,448,501, 502,505,

402,218,690, 691,712

克 537513, 516 - 518, 520 - 522, 525-

灼基509536, 538 - 555, 557 - 560, 574, 577,

麟劲光328, 537,674580 - 598, 600 - 602, 606 - 613,

蒲华 537,674619 — 622, 624 — 626, 630  637, 639 -

葡望束537641, 643 - 645,648, 650, 654. 656,

寒 653,654658,669, 675,679,680, 690, 691, 693,

选进654

694,705部初民414

赖可可

364, 377鄱707

理群 65,66.72,75 - 77,327.336,郢髮11

337,340 - 345.349.350, 352,357,郡颖超  11,37, 176,204,218,220,414,

358, 362, 364, 370, 378 - 380, 402,601,607,631,674

406, 432 - 434, 439, 516, 542, 584,鲁迅 60, 190 - 193, 340,445,446,

585. 589 - 592, 597,598, 621, 622,450, 454, 455, 547 - 549. 578, 579,

697,700, 706

错其415

617鲁志立480

之光420鲁瑛 68,69,72,622,623,633, 684,

銭三强

497

绒正英420

685, 687雪瑞林 310

钱江548

406 - 408, 415, 579,584, 585,587,鲮浩梁

406,546

591, 597, 621,654, 678, 697, 700, 706玲548

谢铁骤

548钢铁工业座食

532, 533,550

赛福鼎

218,414, 537, 606圈红彦308

钟夫翔

420霍查 148 - 151, 153, 154, 305

钟志民

357,358骆小海

481

钟定楝

709龙春金

7,363

钟哲民

343梅

414

锤学林

358龙潜

364

韩先楚

307, 313 - 316, 322 - 325.空了54

329, 537特474

韩东山

264

韩非子十七套

347韩爱晶

48「萧周会」381, 394戴立清

710

十八班戴高楽

128

翟秋白

36, 175, 618戴萝紫

624

舞元梓

48. 617,618戴奥多西147

耳548.549

125,联合国大会第六居特别会羲

荣臻

29, 63, 112.398,414, 535,538.132

583,674薄-波262

丰子

499薛明39.40

梵突风潮

365薛清泉

415

魏光奇

484薛喜梅

415, 465

魏秉奎

47,56, 396, 415薛干背

710

魏建功

343, 345谢芳

498

藤山爱一郎92谢胡

149,153, 305, 606谢章思

111

十九熹谢振华

39,354

锋315,330谢唯俊

520

甫仁

308 - 311,318富治

29, 43, 44, 197, 220, 317, 318,

政  30320, 420

厚兰

48谢静宜48,72,77，338一345、350,

启龙

364, 375 - 377.544. 549352,364,370, 378,380, 396, 402,菩和

二十登以上

537弹震林

13, 30, 186, 202, 210, 220, 414,

力495674

佑民

190, 707天奇

352

凝政537旭174

殿洪华465罗叔章

414

阵446罗杰斯

89

家淦

297「罗思鼎！346.349

济慈

414罗曼·罗兰

476

寳日勒岱

414罗章龙 36,175

宝守芳

624罗博150

铁托

143瑞卿

30.31,259,262,398

铁瑛

364 -- 366, 544澄疆

106, 258,264, 273,420,441, 464

铁路整頔

531, 532, 534苏元动

370

顾工446苏羽

56.58

文广苏杰

400265

麒光斗苏格拉底

193330

顾明682苏振华 30,218,340,370,398,639,

炳华531674, 676, 677, 682, 697, 704, 708, 711,712 -- 714

德清克己

130

描述：

